   0	   0	   0	   0
   1	   1	   1	   1
   2	   2	   2	   2
   3	   3	   3	   3
   4	   4	   4	   4
   5	   5	   5	   5
   6	   6	   6	   6
   7	   7	   7	   7
   8	   8	   8	   8
   9	   9	   9	   9
  10	  10	  10	  10
  11	  11	  11	  11
  12	  12	  12	  12
  13	  13	  13	  13
  14	  14	  14	  14
  15	  15	  15	  15
  16	  16	  16	  16
  17	  17	  17	  17
  18	  18	  18	  18
  19	  19	  19	  19
  20	  20	  20	  20
  21	  21	  21	  21
  22	  22	  22	  22
  23	  23	  23	  23
  24	  24	  24	  24
  25	  25	  25	  25
  26	  26	  26	  26
  27	  27	  27	  27
  28	  28	  28	  28
  29	  29	  29	  29
  30	  30	  30	  30
  31	  31	  31	  31
  32	  32	  32	  32
  33	  33	  33	  33
  34	  34	  34	  34
  35	  35	  35	  35
  36	  36	  36	  36
  37	  37	  37	  37
  38	  38	  38	  38
  39	  39	  39	  39
  40	  40	  40	  40
  41	  41	  41	  41
  42	  42	  42	  42
  43	  43	  43	  43
  44	  44	  44	  44
  45	  45	  45	  45
  46	  46	  46	  46
  47	  47	  47	  47
  48	  48	  48	  48
  49	  49	  49	  49
  50	  50	  50	  50
  51	  51	  51	  51
  52	  52	  52	  52
  53	  53	  53	  53
  54	  54	  54	  54
  55	  55	  55	  55
  56	  56	  56	  56
  57	  57	  57	  57
  58	  58	  58	  58
  59	  59	  59	  59
  60	  60	  60	  60
  61	  61	  61	  61
  62	  62	  62	  62
  63	  63	  63	  63
  64	  64	  64	  64
  65	  65	  65	  65
  66	  66	  66	  66
  67	  67	  67	  67
  68	  68	  68	  68
  69	  69	  69	  69
  70	  70	  70	  70
  71	  71	  71	  71
  72	  72	  72	  72
  73	  73	  73	  73
  74	  74	  74	  74
  75	  75	  75	  75
  76	  76	  76	  76
  77	  77	  77	  77
  78	  78	  78	  78
  79	  79	  79	  79
  80	  80	  80	  80
  81	  81	  81	  81
  82	  82	  82	  82
  83	  83	  83	  83
  84	  84	  84	  84
  85	  85	  85	  85
  86	  86	  86	  86
  87	  87	  87	  87
  88	  88	  88	  88
  89	  89	  89	  89
  90	  90	  90	  90
  91	  91	  91	  91
  92	  92	  92	  92
  93	  93	  93	  93
  94	  94	  94	  94
  95	  95	  95	  95
  96	  96	  96	  96
  97	  97	  97	  97
  98	  98	  98	  98
  99	  99	  99	  99
 100	 100	 100	 100
 101	 101	 101	 101
 102	 102	 102	 102
 103	 103	 103	 103
 104	 104	 104	 104
 105	 105	 105	 105
 106	 106	 106	 106
 107	 107	 107	 107
 108	 108	 108	 108
 109	 109	 109	 109
 110	 110	 110	 110
 111	 111	 111	 111
 112	 112	 112	 112
 113	 113	 113	 113
 114	 114	 114	 114
 115	 115	 115	 115
 116	 116	 116	 116
 117	 117	 117	 117
 118	 118	 118	 118
 119	 119	 119	 119
 120	 120	 120	 120
 121	 121	 121	 121
 122	 122	 122	 122
 123	 123	 123	 123
 124	 124	 124	 124
 125	 125	 125	 125
 126	 126	 126	 126
 127	 127	 127	 127
 128	 128	 128	 128
 129	 129	 129	 129
 130	 130	 130	 130
 131	 131	 131	 131
 132	 132	 132	 132
 133	 133	 133	 133
 134	 134	 134	 134
 135	 135	 135	 135
 136	 136	 136	 136
 137	 137	 137	 137
 138	 138	 138	 138
 139	 139	 139	 139
 140	 140	 140	 140
 141	 141	 141	 141
 142	 142	 142	 142
 143	 143	 143	 143
 144	 144	 144	 144
 145	 145	 145	 145
 146	 146	 146	 146
 147	 147	 147	 147
 148	 148	 148	 148
 149	 149	 149	 149
 150	 150	 150	 150
 151	 151	 151	 151
 152	 152	 152	 152
 153	 153	 153	 153
 154	 154	 154	 154
 155	 155	 155	 155
 156	 156	 156	 156
 157	 157	 157	 157
 158	 158	 158	 158
 159	 159	 159	 159
 160	 160	 160	 160
 161	 161	 161	 161
 162	 162	 162	 162
 163	 163	 163	 163
 164	 164	 164	 164
 165	 165	 165	 165
 166	 166	 166	 166
 167	 167	 167	 167
 168	 168	 168	 168
 169	 169	 169	 169
 170	 170	 170	 170
 171	 171	 171	 171
 172	 172	 172	 172
 173	 173	 173	 173
 174	 174	 174	 174
 175	 175	 175	 175
 176	 176	 176	 176
 177	 177	 177	 177
 178	 178	 178	 178
 179	 179	 179	 179
 180	 180	 180	 180
 181	 181	 181	 181
 182	 182	 182	 182
 183	 183	 183	 183
 184	 184	 184	 184
 185	 185	 185	 185
 186	 186	 186	 186
 187	 187	 187	 187
 188	 188	 188	 188
 189	 189	 189	 189
 190	 190	 190	 190
 191	 191	 191	 191
 192	 192	 192	 192
 193	 193	 193	 193
 194	 194	 194	 194
 195	 195	 195	 195
 196	 196	 196	 196
 197	 197	 197	 197
 198	 198	 198	 198
 199	 199	 199	 199
 200	 200	 200	 200
 201	 201	 201	 201
 202	 202	 202	 202
 203	 203	 203	 203
 204	 204	 204	 204
 205	 205	 205	 205
 206	 206	 206	 206
 207	 207	 207	 207
 208	 208	 208	 208
 209	 209	 209	 209
 210	 210	 210	 210
 211	 211	 211	 211
 212	 212	 212	 212
 213	 213	 213	 213
 214	 214	 214	 214
 215	 215	 215	 215
 216	 216	 216	 216
 217	 217	 217	 217
 218	 218	 218	 218
 219	 219	 219	 219
 220	 220	 220	 220
 221	 221	 221	 221
 222	 222	 222	 222
 223	 223	 223	 223
 224	 224	 224	 224
 225	 225	 225	 225
 226	 226	 226	 226
 227	 227	 227	 227
 228	 228	 228	 228
 229	 229	 229	 229
 230	 230	 230	 230
 231	 231	 231	 231
 232	 232	 232	 232
 233	 233	 233	 233
 234	 234	 234	 234
 235	 235	 235	 235
 236	 236	 236	 236
 237	 237	 237	 237
 238	 238	 238	 238
 239	 239	 239	 239
 240	 240	 240	 240
 241	 241	 241	 241
 242	 242	 242	 242
 243	 243	 243	 243
 244	 244	 244	 244
 245	 245	 245	 245
 246	 246	 246	 246
 247	 247	 247	 247
 248	 248	 248	 248
 249	 249	 249	 249
 250	 250	 250	 250
 251	 251	 251	 251
 252	 252	 252	 252
 253	 253	 253	 253
 254	 254	 254	 254
 255	 255	 255	 255
   0	 128	   0	 128
   1	 129	   1	 129
   2	 130	   2	 130
   3	 131	   3	 131
   4	 132	   4	 132
   5	 133	   5	 133
   6	 134	   6	 134
   7	 135	   7	 135
   8	 136	   8	 136
   9	 137	   9	 137
  10	 138	  10	 138
  11	 139	  11	 139
  12	 140	  12	 140
  13	 141	  13	 141
  14	 142	  14	 142
  15	 143	  15	 143
  16	 144	  16	 144
  17	 145	  17	 145
  18	 146	  18	 146
  19	 147	  19	 147
  20	 148	  20	 148
  21	 149	  21	 149
  22	 150	  22	 150
  23	 151	  23	 151
  24	 152	  24	 152
  25	 153	  25	 153
  26	 154	  26	 154
  27	 155	  27	 155
  28	 156	  28	 156
  29	 157	  29	 157
  30	 158	  30	 158
  31	 159	  31	 159
  32	 160	  32	 160
  33	 161	  33	 161
  34	 162	  34	 162
  35	 163	  35	 163
  36	 164	  36	 164
  37	 165	  37	 165
  38	 166	  38	 166
  39	 167	  39	 167
  40	 168	  40	 168
  41	 169	  41	 169
  42	 170	  42	 170
  43	 171	  43	 171
  44	 172	  44	 172
  45	 173	  45	 173
  46	 174	  46	 174
  47	 175	  47	 175
  48	 176	  48	 176
  49	 177	  49	 177
  50	 178	  50	 178
  51	 179	  51	 179
  52	 180	  52	 180
  53	 181	  53	 181
  54	 182	  54	 182
  55	 183	  55	 183
  56	 184	  56	 184
  57	 185	  57	 185
  58	 186	  58	 186
  59	 187	  59	 187
  60	 188	  60	 188
  61	 189	  61	 189
  62	 190	  62	 190
  63	 191	  63	 191
  64	 192	  64	 192
  65	 193	  65	 193
  66	 194	  66	 194
  67	 195	  67	 195
  68	 196	  68	 196
  69	 197	  69	 197
  70	 198	  70	 198
  71	 199	  71	 199
  72	 200	  72	 200
  73	 201	  73	 201
  74	 202	  74	 202
  75	 203	  75	 203
  76	 204	  76	 204
  77	 205	  77	 205
  78	 206	  78	 206
  79	 207	  79	 207
  80	 208	  80	 208
  81	 209	  81	 209
  82	 210	  82	 210
  83	 211	  83	 211
  84	 212	  84	 212
  85	 213	  85	 213
  86	 214	  86	 214
  87	 215	  87	 215
  88	 216	  88	 216
  89	 217	  89	 217
  90	 218	  90	 218
  91	 219	  91	 219
  92	 220	  92	 220
  93	 221	  93	 221
  94	 222	  94	 222
  95	 223	  95	 223
  96	 224	  96	 224
  97	 225	  97	 225
  98	 226	  98	 226
  99	 227	  99	 227
 100	 228	 100	 228
 101	 229	 101	 229
 102	 230	 102	 230
 103	 231	 103	 231
 104	 232	 104	 232
 105	 233	 105	 233
 106	 234	 106	 234
 107	 235	 107	 235
 108	 236	 108	 236
 109	 237	 109	 237
 110	 238	 110	 238
 111	 239	 111	 239
 112	 240	 112	 240
 113	 241	 113	 241
 114	 242	 114	 242
 115	 243	 115	 243
 116	 244	 116	 244
 117	 245	 117	 245
 118	 246	 118	 246
 119	 247	 119	 247
 120	 248	 120	 248
 121	 249	 121	 249
 122	 250	 122	 250
 123	 251	 123	 251
 124	 252	 124	 252
 125	 253	 125	 253
 126	 254	 126	 254
 127	 255	 127	 255
 128	   0	 128	   0
 129	   1	 129	   1
 130	   2	 130	   2
 131	   3	 131	   3
 132	   4	 132	   4
 133	   5	 133	   5
 134	   6	 134	   6
 135	   7	 135	   7
 136	   8	 136	   8
 137	   9	 137	   9
 138	  10	 138	  10
 139	  11	 139	  11
 140	  12	 140	  12
 141	  13	 141	  13
 142	  14	 142	  14
 143	  15	 143	  15
 144	  16	 144	  16
 145	  17	 145	  17
 146	  18	 146	  18
 147	  19	 147	  19
 148	  20	 148	  20
 149	  21	 149	  21
 150	  22	 150	  22
 151	  23	 151	  23
 152	  24	 152	  24
 153	  25	 153	  25
 154	  26	 154	  26
 155	  27	 155	  27
 156	  28	 156	  28
 157	  29	 157	  29
 158	  30	 158	  30
 159	  31	 159	  31
 160	  32	 160	  32
 161	  33	 161	  33
 162	  34	 162	  34
 163	  35	 163	  35
 164	  36	 164	  36
 165	  37	 165	  37
 166	  38	 166	  38
 167	  39	 167	  39
 168	  40	 168	  40
 169	  41	 169	  41
 170	  42	 170	  42
 171	  43	 171	  43
 172	  44	 172	  44
 173	  45	 173	  45
 174	  46	 174	  46
 175	  47	 175	  47
 176	  48	 176	  48
 177	  49	 177	  49
 178	  50	 178	  50
 179	  51	 179	  51
 180	  52	 180	  52
 181	  53	 181	  53
 182	  54	 182	  54
 183	  55	 183	  55
 184	  56	 184	  56
 185	  57	 185	  57
 186	  58	 186	  58
 187	  59	 187	  59
 188	  60	 188	  60
 189	  61	 189	  61
 190	  62	 190	  62
 191	  63	 191	  63
 192	  64	 192	  64
 193	  65	 193	  65
 194	  66	 194	  66
 195	  67	 195	  67
 196	  68	 196	  68
 197	  69	 197	  69
 198	  70	 198	  70
 199	  71	 199	  71
 200	  72	 200	  72
 201	  73	 201	  73
 202	  74	 202	  74
 203	  75	 203	  75
 204	  76	 204	  76
 205	  77	 205	  77
 206	  78	 206	  78
 207	  79	 207	  79
 208	  80	 208	  80
 209	  81	 209	  81
 210	  82	 210	  82
 211	  83	 211	  83
 212	  84	 212	  84
 213	  85	 213	  85
 214	  86	 214	  86
 215	  87	 215	  87
 216	  88	 216	  88
 217	  89	 217	  89
 218	  90	 218	  90
 219	  91	 219	  91
 220	  92	 220	  92
 221	  93	 221	  93
 222	  94	 222	  94
 223	  95	 223	  95
 224	  96	 224	  96
 225	  97	 225	  97
 226	  98	 226	  98
 227	  99	 227	  99
 228	 100	 228	 100
 229	 101	 229	 101
 230	 102	 230	 102
 231	 103	 231	 103
 232	 104	 232	 104
 233	 105	 233	 105
 234	 106	 234	 106
 235	 107	 235	 107
 236	 108	 236	 108
 237	 109	 237	 109
 238	 110	 238	 110
 239	 111	 239	 111
 240	 112	 240	 112
 241	 113	 241	 113
 242	 114	 242	 114
 243	 115	 243	 115
 244	 116	 244	 116
 245	 117	 245	 117
 246	 118	 246	 118
 247	 119	 247	 119
 248	 120	 248	 120
 249	 121	 249	 121
 250	 122	 250	 122
 251	 123	 251	 123
 252	 124	 252	 124
 253	 125	 253	 125
 254	 126	 254	 126
 255	 127	 255	 127
   0	  64	   0	  64
   1	  65	   1	  65
   2	  66	   2	  66
   3	  67	   3	  67
   4	  68	   4	  68
   5	  69	   5	  69
   6	  70	   6	  70
   7	  71	   7	  71
   8	  72	   8	  72
   9	  73	   9	  73
  10	  74	  10	  74
  11	  75	  11	  75
  12	  76	  12	  76
  13	  77	  13	  77
  14	  78	  14	  78
  15	  79	  15	  79
  16	  80	  16	  80
  17	  81	  17	  81
  18	  82	  18	  82
  19	  83	  19	  83
  20	  84	  20	  84
  21	  85	  21	  85
  22	  86	  22	  86
  23	  87	  23	  87
  24	  88	  24	  88
  25	  89	  25	  89
  26	  90	  26	  90
  27	  91	  27	  91
  28	  92	  28	  92
  29	  93	  29	  93
  30	  94	  30	  94
  31	  95	  31	  95
  32	  96	  32	  96
  33	  97	  33	  97
  34	  98	  34	  98
  35	  99	  35	  99
  36	 100	  36	 100
  37	 101	  37	 101
  38	 102	  38	 102
  39	 103	  39	 103
  40	 104	  40	 104
  41	 105	  41	 105
  42	 106	  42	 106
  43	 107	  43	 107
  44	 108	  44	 108
  45	 109	  45	 109
  46	 110	  46	 110
  47	 111	  47	 111
  48	 112	  48	 112
  49	 113	  49	 113
  50	 114	  50	 114
  51	 115	  51	 115
  52	 116	  52	 116
  53	 117	  53	 117
  54	 118	  54	 118
  55	 119	  55	 119
  56	 120	  56	 120
  57	 121	  57	 121
  58	 122	  58	 122
  59	 123	  59	 123
  60	 124	  60	 124
  61	 125	  61	 125
  62	 126	  62	 126
  63	 127	  63	 127
  64	   0	  64	   0
  65	   1	  65	   1
  66	   2	  66	   2
  67	   3	  67	   3
  68	   4	  68	   4
  69	   5	  69	   5
  70	   6	  70	   6
  71	   7	  71	   7
  72	   8	  72	   8
  73	   9	  73	   9
  74	  10	  74	  10
  75	  11	  75	  11
  76	  12	  76	  12
  77	  13	  77	  13
  78	  14	  78	  14
  79	  15	  79	  15
  80	  16	  80	  16
  81	  17	  81	  17
  82	  18	  82	  18
  83	  19	  83	  19
  84	  20	  84	  20
  85	  21	  85	  21
  86	  22	  86	  22
  87	  23	  87	  23
  88	  24	  88	  24
  89	  25	  89	  25
  90	  26	  90	  26
  91	  27	  91	  27
  92	  28	  92	  28
  93	  29	  93	  29
  94	  30	  94	  30
  95	  31	  95	  31
  96	  32	  96	  32
  97	  33	  97	  33
  98	  34	  98	  34
  99	  35	  99	  35
 100	  36	 100	  36
 101	  37	 101	  37
 102	  38	 102	  38
 103	  39	 103	  39
 104	  40	 104	  40
 105	  41	 105	  41
 106	  42	 106	  42
 107	  43	 107	  43
 108	  44	 108	  44
 109	  45	 109	  45
 110	  46	 110	  46
 111	  47	 111	  47
 112	  48	 112	  48
 113	  49	 113	  49
 114	  50	 114	  50
 115	  51	 115	  51
 116	  52	 116	  52
 117	  53	 117	  53
 118	  54	 118	  54
 119	  55	 119	  55
 120	  56	 120	  56
 121	  57	 121	  57
 122	  58	 122	  58
 123	  59	 123	  59
 124	  60	 124	  60
 125	  61	 125	  61
 126	  62	 126	  62
 127	  63	 127	  63
 128	 192	 128	 192
 129	 193	 129	 193
 130	 194	 130	 194
 131	 195	 131	 195
 132	 196	 132	 196
 133	 197	 133	 197
 134	 198	 134	 198
 135	 199	 135	 199
 136	 200	 136	 200
 137	 201	 137	 201
 138	 202	 138	 202
 139	 203	 139	 203
 140	 204	 140	 204
 141	 205	 141	 205
 142	 206	 142	 206
 143	 207	 143	 207
 144	 208	 144	 208
 145	 209	 145	 209
 146	 210	 146	 210
 147	 211	 147	 211
 148	 212	 148	 212
 149	 213	 149	 213
 150	 214	 150	 214
 151	 215	 151	 215
 152	 216	 152	 216
 153	 217	 153	 217
 154	 218	 154	 218
 155	 219	 155	 219
 156	 220	 156	 220
 157	 221	 157	 221
 158	 222	 158	 222
 159	 223	 159	 223
 160	 224	 160	 224
 161	 225	 161	 225
 162	 226	 162	 226
 163	 227	 163	 227
 164	 228	 164	 228
 165	 229	 165	 229
 166	 230	 166	 230
 167	 231	 167	 231
 168	 232	 168	 232
 169	 233	 169	 233
 170	 234	 170	 234
 171	 235	 171	 235
 172	 236	 172	 236
 173	 237	 173	 237
 174	 238	 174	 238
 175	 239	 175	 239
 176	 240	 176	 240
 177	 241	 177	 241
 178	 242	 178	 242
 179	 243	 179	 243
 180	 244	 180	 244
 181	 245	 181	 245
 182	 246	 182	 246
 183	 247	 183	 247
 184	 248	 184	 248
 185	 249	 185	 249
 186	 250	 186	 250
 187	 251	 187	 251
 188	 252	 188	 252
 189	 253	 189	 253
 190	 254	 190	 254
 191	 255	 191	 255
 192	 128	 192	 128
 193	 129	 193	 129
 194	 130	 194	 130
 195	 131	 195	 131
 196	 132	 196	 132
 197	 133	 197	 133
 198	 134	 198	 134
 199	 135	 199	 135
 200	 136	 200	 136
 201	 137	 201	 137
 202	 138	 202	 138
 203	 139	 203	 139
 204	 140	 204	 140
 205	 141	 205	 141
 206	 142	 206	 142
 207	 143	 207	 143
 208	 144	 208	 144
 209	 145	 209	 145
 210	 146	 210	 146
 211	 147	 211	 147
 212	 148	 212	 148
 213	 149	 213	 149
 214	 150	 214	 150
 215	 151	 215	 151
 216	 152	 216	 152
 217	 153	 217	 153
 218	 154	 218	 154
 219	 155	 219	 155
 220	 156	 220	 156
 221	 157	 221	 157
 222	 158	 222	 158
 223	 159	 223	 159
 224	 160	 224	 160
 225	 161	 225	 161
 226	 162	 226	 162
 227	 163	 227	 163
 228	 164	 228	 164
 229	 165	 229	 165
 230	 166	 230	 166
 231	 167	 231	 167
 232	 168	 232	 168
 233	 169	 233	 169
 234	 170	 234	 170
 235	 171	 235	 171
 236	 172	 236	 172
 237	 173	 237	 173
 238	 174	 238	 174
 239	 175	 239	 175
 240	 176	 240	 176
 241	 177	 241	 177
 242	 178	 242	 178
 243	 179	 243	 179
 244	 180	 244	 180
 245	 181	 245	 181
 246	 182	 246	 182
 247	 183	 247	 183
 248	 184	 248	 184
 249	 185	 249	 185
 250	 186	 250	 186
 251	 187	 251	 187
 252	 188	 252	 188
 253	 189	 253	 189
 254	 190	 254	 190
 255	 191	 255	 191
   0	  32	   0	  32
   1	  33	   1	  33
   2	  34	   2	  34
   3	  35	   3	  35
   4	  36	   4	  36
   5	  37	   5	  37
   6	  38	   6	  38
   7	  39	   7	  39
   8	  40	   8	  40
   9	  41	   9	  41
  10	  42	  10	  42
  11	  43	  11	  43
  12	  44	  12	  44
  13	  45	  13	  45
  14	  46	  14	  46
  15	  47	  15	  47
  16	  48	  16	  48
  17	  49	  17	  49
  18	  50	  18	  50
  19	  51	  19	  51
  20	  52	  20	  52
  21	  53	  21	  53
  22	  54	  22	  54
  23	  55	  23	  55
  24	  56	  24	  56
  25	  57	  25	  57
  26	  58	  26	  58
  27	  59	  27	  59
  28	  60	  28	  60
  29	  61	  29	  61
  30	  62	  30	  62
  31	  63	  31	  63
  32	   0	  32	   0
  33	   1	  33	   1
  34	   2	  34	   2
  35	   3	  35	   3
  36	   4	  36	   4
  37	   5	  37	   5
  38	   6	  38	   6
  39	   7	  39	   7
  40	   8	  40	   8
  41	   9	  41	   9
  42	  10	  42	  10
  43	  11	  43	  11
  44	  12	  44	  12
  45	  13	  45	  13
  46	  14	  46	  14
  47	  15	  47	  15
  48	  16	  48	  16
  49	  17	  49	  17
  50	  18	  50	  18
  51	  19	  51	  19
  52	  20	  52	  20
  53	  21	  53	  21
  54	  22	  54	  22
  55	  23	  55	  23
  56	  24	  56	  24
  57	  25	  57	  25
  58	  26	  58	  26
  59	  27	  59	  27
  60	  28	  60	  28
  61	  29	  61	  29
  62	  30	  62	  30
  63	  31	  63	  31
  64	  96	  64	  96
  65	  97	  65	  97
  66	  98	  66	  98
  67	  99	  67	  99
  68	 100	  68	 100
  69	 101	  69	 101
  70	 102	  70	 102
  71	 103	  71	 103
  72	 104	  72	 104
  73	 105	  73	 105
  74	 106	  74	 106
  75	 107	  75	 107
  76	 108	  76	 108
  77	 109	  77	 109
  78	 110	  78	 110
  79	 111	  79	 111
  80	 112	  80	 112
  81	 113	  81	 113
  82	 114	  82	 114
  83	 115	  83	 115
  84	 116	  84	 116
  85	 117	  85	 117
  86	 118	  86	 118
  87	 119	  87	 119
  88	 120	  88	 120
  89	 121	  89	 121
  90	 122	  90	 122
  91	 123	  91	 123
  92	 124	  92	 124
  93	 125	  93	 125
  94	 126	  94	 126
  95	 127	  95	 127
  96	  64	  96	  64
  97	  65	  97	  65
  98	  66	  98	  66
  99	  67	  99	  67
 100	  68	 100	  68
 101	  69	 101	  69
 102	  70	 102	  70
 103	  71	 103	  71
 104	  72	 104	  72
 105	  73	 105	  73
 106	  74	 106	  74
 107	  75	 107	  75
 108	  76	 108	  76
 109	  77	 109	  77
 110	  78	 110	  78
 111	  79	 111	  79
 112	  80	 112	  80
 113	  81	 113	  81
 114	  82	 114	  82
 115	  83	 115	  83
 116	  84	 116	  84
 117	  85	 117	  85
 118	  86	 118	  86
 119	  87	 119	  87
 120	  88	 120	  88
 121	  89	 121	  89
 122	  90	 122	  90
 123	  91	 123	  91
 124	  92	 124	  92
 125	  93	 125	  93
 126	  94	 126	  94
 127	  95	 127	  95
 128	 160	 128	 160
 129	 161	 129	 161
 130	 162	 130	 162
 131	 163	 131	 163
 132	 164	 132	 164
 133	 165	 133	 165
 134	 166	 134	 166
 135	 167	 135	 167
 136	 168	 136	 168
 137	 169	 137	 169
 138	 170	 138	 170
 139	 171	 139	 171
 140	 172	 140	 172
 141	 173	 141	 173
 142	 174	 142	 174
 143	 175	 143	 175
 144	 176	 144	 176
 145	 177	 145	 177
 146	 178	 146	 178
 147	 179	 147	 179
 148	 180	 148	 180
 149	 181	 149	 181
 150	 182	 150	 182
 151	 183	 151	 183
 152	 184	 152	 184
 153	 185	 153	 185
 154	 186	 154	 186
 155	 187	 155	 187
 156	 188	 156	 188
 157	 189	 157	 189
 158	 190	 158	 190
 159	 191	 159	 191
 160	 128	 160	 128
 161	 129	 161	 129
 162	 130	 162	 130
 163	 131	 163	 131
 164	 132	 164	 132
 165	 133	 165	 133
 166	 134	 166	 134
 167	 135	 167	 135
 168	 136	 168	 136
 169	 137	 169	 137
 170	 138	 170	 138
 171	 139	 171	 139
 172	 140	 172	 140
 173	 141	 173	 141
 174	 142	 174	 142
 175	 143	 175	 143
 176	 144	 176	 144
 177	 145	 177	 145
 178	 146	 178	 146
 179	 147	 179	 147
 180	 148	 180	 148
 181	 149	 181	 149
 182	 150	 182	 150
 183	 151	 183	 151
 184	 152	 184	 152
 185	 153	 185	 153
 186	 154	 186	 154
 187	 155	 187	 155
 188	 156	 188	 156
 189	 157	 189	 157
 190	 158	 190	 158
 191	 159	 191	 159
 192	 224	 192	 224
 193	 225	 193	 225
 194	 226	 194	 226
 195	 227	 195	 227
 196	 228	 196	 228
 197	 229	 197	 229
 198	 230	 198	 230
 199	 231	 199	 231
 200	 232	 200	 232
 201	 233	 201	 233
 202	 234	 202	 234
 203	 235	 203	 235
 204	 236	 204	 236
 205	 237	 205	 237
 206	 238	 206	 238
 207	 239	 207	 239
 208	 240	 208	 240
 209	 241	 209	 241
 210	 242	 210	 242
 211	 243	 211	 243
 212	 244	 212	 244
 213	 245	 213	 245
 214	 246	 214	 246
 215	 247	 215	 247
 216	 248	 216	 248
 217	 249	 217	 249
 218	 250	 218	 250
 219	 251	 219	 251
 220	 252	 220	 252
 221	 253	 221	 253
 222	 254	 222	 254
 223	 255	 223	 255
 224	 192	 224	 192
 225	 193	 225	 193
 226	 194	 226	 194
 227	 195	 227	 195
 228	 196	 228	 196
 229	 197	 229	 197
 230	 198	 230	 198
 231	 199	 231	 199
 232	 200	 232	 200
 233	 201	 233	 201
 234	 202	 234	 202
 235	 203	 235	 203
 236	 204	 236	 204
 237	 205	 237	 205
 238	 206	 238	 206
 239	 207	 239	 207
 240	 208	 240	 208
 241	 209	 241	 209
 242	 210	 242	 210
 243	 211	 243	 211
 244	 212	 244	 212
 245	 213	 245	 213
 246	 214	 246	 214
 247	 215	 247	 215
 248	 216	 248	 216
 249	 217	 249	 217
 250	 218	 250	 218
 251	 219	 251	 219
 252	 220	 252	 220
 253	 221	 253	 221
 254	 222	 254	 222
 255	 223	 255	 223
   0	  16	   0	  16
   1	  17	   1	  17
   2	  18	   2	  18
   3	  19	   3	  19
   4	  20	   4	  20
   5	  21	   5	  21
   6	  22	   6	  22
   7	  23	   7	  23
   8	  24	   8	  24
   9	  25	   9	  25
  10	  26	  10	  26
  11	  27	  11	  27
  12	  28	  12	  28
  13	  29	  13	  29
  14	  30	  14	  30
  15	  31	  15	  31
  16	   0	  16	   0
  17	   1	  17	   1
  18	   2	  18	   2
  19	   3	  19	   3
  20	   4	  20	   4
  21	   5	  21	   5
  22	   6	  22	   6
  23	   7	  23	   7
  24	   8	  24	   8
  25	   9	  25	   9
  26	  10	  26	  10
  27	  11	  27	  11
  28	  12	  28	  12
  29	  13	  29	  13
  30	  14	  30	  14
  31	  15	  31	  15
  32	  48	  32	  48
  33	  49	  33	  49
  34	  50	  34	  50
  35	  51	  35	  51
  36	  52	  36	  52
  37	  53	  37	  53
  38	  54	  38	  54
  39	  55	  39	  55
  40	  56	  40	  56
  41	  57	  41	  57
  42	  58	  42	  58
  43	  59	  43	  59
  44	  60	  44	  60
  45	  61	  45	  61
  46	  62	  46	  62
  47	  63	  47	  63
  48	  32	  48	  32
  49	  33	  49	  33
  50	  34	  50	  34
  51	  35	  51	  35
  52	  36	  52	  36
  53	  37	  53	  37
  54	  38	  54	  38
  55	  39	  55	  39
  56	  40	  56	  40
  57	  41	  57	  41
  58	  42	  58	  42
  59	  43	  59	  43
  60	  44	  60	  44
  61	  45	  61	  45
  62	  46	  62	  46
  63	  47	  63	  47
  64	  80	  64	  80
  65	  81	  65	  81
  66	  82	  66	  82
  67	  83	  67	  83
  68	  84	  68	  84
  69	  85	  69	  85
  70	  86	  70	  86
  71	  87	  71	  87
  72	  88	  72	  88
  73	  89	  73	  89
  74	  90	  74	  90
  75	  91	  75	  91
  76	  92	  76	  92
  77	  93	  77	  93
  78	  94	  78	  94
  79	  95	  79	  95
  80	  64	  80	  64
  81	  65	  81	  65
  82	  66	  82	  66
  83	  67	  83	  67
  84	  68	  84	  68
  85	  69	  85	  69
  86	  70	  86	  70
  87	  71	  87	  71
  88	  72	  88	  72
  89	  73	  89	  73
  90	  74	  90	  74
  91	  75	  91	  75
  92	  76	  92	  76
  93	  77	  93	  77
  94	  78	  94	  78
  95	  79	  95	  79
  96	 112	  96	 112
  97	 113	  97	 113
  98	 114	  98	 114
  99	 115	  99	 115
 100	 116	 100	 116
 101	 117	 101	 117
 102	 118	 102	 118
 103	 119	 103	 119
 104	 120	 104	 120
 105	 121	 105	 121
 106	 122	 106	 122
 107	 123	 107	 123
 108	 124	 108	 124
 109	 125	 109	 125
 110	 126	 110	 126
 111	 127	 111	 127
 112	  96	 112	  96
 113	  97	 113	  97
 114	  98	 114	  98
 115	  99	 115	  99
 116	 100	 116	 100
 117	 101	 117	 101
 118	 102	 118	 102
 119	 103	 119	 103
 120	 104	 120	 104
 121	 105	 121	 105
 122	 106	 122	 106
 123	 107	 123	 107
 124	 108	 124	 108
 125	 109	 125	 109
 126	 110	 126	 110
 127	 111	 127	 111
 128	 144	 128	 144
 129	 145	 129	 145
 130	 146	 130	 146
 131	 147	 131	 147
 132	 148	 132	 148
 133	 149	 133	 149
 134	 150	 134	 150
 135	 151	 135	 151
 136	 152	 136	 152
 137	 153	 137	 153
 138	 154	 138	 154
 139	 155	 139	 155
 140	 156	 140	 156
 141	 157	 141	 157
 142	 158	 142	 158
 143	 159	 143	 159
 144	 128	 144	 128
 145	 129	 145	 129
 146	 130	 146	 130
 147	 131	 147	 131
 148	 132	 148	 132
 149	 133	 149	 133
 150	 134	 150	 134
 151	 135	 151	 135
 152	 136	 152	 136
 153	 137	 153	 137
 154	 138	 154	 138
 155	 139	 155	 139
 156	 140	 156	 140
 157	 141	 157	 141
 158	 142	 158	 142
 159	 143	 159	 143
 160	 176	 160	 176
 161	 177	 161	 177
 162	 178	 162	 178
 163	 179	 163	 179
 164	 180	 164	 180
 165	 181	 165	 181
 166	 182	 166	 182
 167	 183	 167	 183
 168	 184	 168	 184
 169	 185	 169	 185
 170	 186	 170	 186
 171	 187	 171	 187
 172	 188	 172	 188
 173	 189	 173	 189
 174	 190	 174	 190
 175	 191	 175	 191
 176	 160	 176	 160
 177	 161	 177	 161
 178	 162	 178	 162
 179	 163	 179	 163
 180	 164	 180	 164
 181	 165	 181	 165
 182	 166	 182	 166
 183	 167	 183	 167
 184	 168	 184	 168
 185	 169	 185	 169
 186	 170	 186	 170
 187	 171	 187	 171
 188	 172	 188	 172
 189	 173	 189	 173
 190	 174	 190	 174
 191	 175	 191	 175
 192	 208	 192	 208
 193	 209	 193	 209
 194	 210	 194	 210
 195	 211	 195	 211
 196	 212	 196	 212
 197	 213	 197	 213
 198	 214	 198	 214
 199	 215	 199	 215
 200	 216	 200	 216
 201	 217	 201	 217
 202	 218	 202	 218
 203	 219	 203	 219
 204	 220	 204	 220
 205	 221	 205	 221
 206	 222	 206	 222
 207	 223	 207	 223
 208	 192	 208	 192
 209	 193	 209	 193
 210	 194	 210	 194
 211	 195	 211	 195
 212	 196	 212	 196
 213	 197	 213	 197
 214	 198	 214	 198
 215	 199	 215	 199
 216	 200	 216	 200
 217	 201	 217	 201
 218	 202	 218	 202
 219	 203	 219	 203
 220	 204	 220	 204
 221	 205	 221	 205
 222	 206	 222	 206
 223	 207	 223	 207
 224	 240	 224	 240
 225	 241	 225	 241
 226	 242	 226	 242
 227	 243	 227	 243
 228	 244	 228	 244
 229	 245	 229	 245
 230	 246	 230	 246
 231	 247	 231	 247
 232	 248	 232	 248
 233	 249	 233	 249
 234	 250	 234	 250
 235	 251	 235	 251
 236	 252	 236	 252
 237	 253	 237	 253
 238	 254	 238	 254
 239	 255	 239	 255
 240	 224	 240	 224
 241	 225	 241	 225
 242	 226	 242	 226
 243	 227	 243	 227
 244	 228	 244	 228
 245	 229	 245	 229
 246	 230	 246	 230
 247	 231	 247	 231
 248	 232	 248	 232
 249	 233	 249	 233
 250	 234	 250	 234
 251	 235	 251	 235
 252	 236	 252	 236
 253	 237	 253	 237
 254	 238	 254	 238
 255	 239	 255	 239
   0	   8	   0	   8
   1	   9	   1	   9
   2	  10	   2	  10
   3	  11	   3	  11
   4	  12	   4	  12
   5	  13	   5	  13
   6	  14	   6	  14
   7	  15	   7	  15
   8	   0	   8	   0
   9	   1	   9	   1
  10	   2	  10	   2
  11	   3	  11	   3
  12	   4	  12	   4
  13	   5	  13	   5
  14	   6	  14	   6
  15	   7	  15	   7
  16	  24	  16	  24
  17	  25	  17	  25
  18	  26	  18	  26
  19	  27	  19	  27
  20	  28	  20	  28
  21	  29	  21	  29
  22	  30	  22	  30
  23	  31	  23	  31
  24	  16	  24	  16
  25	  17	  25	  17
  26	  18	  26	  18
  27	  19	  27	  19
  28	  20	  28	  20
  29	  21	  29	  21
  30	  22	  30	  22
  31	  23	  31	  23
  32	  40	  32	  40
  33	  41	  33	  41
  34	  42	  34	  42
  35	  43	  35	  43
  36	  44	  36	  44
  37	  45	  37	  45
  38	  46	  38	  46
  39	  47	  39	  47
  40	  32	  40	  32
  41	  33	  41	  33
  42	  34	  42	  34
  43	  35	  43	  35
  44	  36	  44	  36
  45	  37	  45	  37
  46	  38	  46	  38
  47	  39	  47	  39
  48	  56	  48	  56
  49	  57	  49	  57
  50	  58	  50	  58
  51	  59	  51	  59
  52	  60	  52	  60
  53	  61	  53	  61
  54	  62	  54	  62
  55	  63	  55	  63
  56	  48	  56	  48
  57	  49	  57	  49
  58	  50	  58	  50
  59	  51	  59	  51
  60	  52	  60	  52
  61	  53	  61	  53
  62	  54	  62	  54
  63	  55	  63	  55
  64	  72	  64	  72
  65	  73	  65	  73
  66	  74	  66	  74
  67	  75	  67	  75
  68	  76	  68	  76
  69	  77	  69	  77
  70	  78	  70	  78
  71	  79	  71	  79
  72	  64	  72	  64
  73	  65	  73	  65
  74	  66	  74	  66
  75	  67	  75	  67
  76	  68	  76	  68
  77	  69	  77	  69
  78	  70	  78	  70
  79	  71	  79	  71
  80	  88	  80	  88
  81	  89	  81	  89
  82	  90	  82	  90
  83	  91	  83	  91
  84	  92	  84	  92
  85	  93	  85	  93
  86	  94	  86	  94
  87	  95	  87	  95
  88	  80	  88	  80
  89	  81	  89	  81
  90	  82	  90	  82
  91	  83	  91	  83
  92	  84	  92	  84
  93	  85	  93	  85
  94	  86	  94	  86
  95	  87	  95	  87
  96	 104	  96	 104
  97	 105	  97	 105
  98	 106	  98	 106
  99	 107	  99	 107
 100	 108	 100	 108
 101	 109	 101	 109
 102	 110	 102	 110
 103	 111	 103	 111
 104	  96	 104	  96
 105	  97	 105	  97
 106	  98	 106	  98
 107	  99	 107	  99
 108	 100	 108	 100
 109	 101	 109	 101
 110	 102	 110	 102
 111	 103	 111	 103
 112	 120	 112	 120
 113	 121	 113	 121
 114	 122	 114	 122
 115	 123	 115	 123
 116	 124	 116	 124
 117	 125	 117	 125
 118	 126	 118	 126
 119	 127	 119	 127
 120	 112	 120	 112
 121	 113	 121	 113
 122	 114	 122	 114
 123	 115	 123	 115
 124	 116	 124	 116
 125	 117	 125	 117
 126	 118	 126	 118
 127	 119	 127	 119
 128	 136	 128	 136
 129	 137	 129	 137
 130	 138	 130	 138
 131	 139	 131	 139
 132	 140	 132	 140
 133	 141	 133	 141
 134	 142	 134	 142
 135	 143	 135	 143
 136	 128	 136	 128
 137	 129	 137	 129
 138	 130	 138	 130
 139	 131	 139	 131
 140	 132	 140	 132
 141	 133	 141	 133
 142	 134	 142	 134
 143	 135	 143	 135
 144	 152	 144	 152
 145	 153	 145	 153
 146	 154	 146	 154
 147	 155	 147	 155
 148	 156	 148	 156
 149	 157	 149	 157
 150	 158	 150	 158
 151	 159	 151	 159
 152	 144	 152	 144
 153	 145	 153	 145
 154	 146	 154	 146
 155	 147	 155	 147
 156	 148	 156	 148
 157	 149	 157	 149
 158	 150	 158	 150
 159	 151	 159	 151
 160	 168	 160	 168
 161	 169	 161	 169
 162	 170	 162	 170
 163	 171	 163	 171
 164	 172	 164	 172
 165	 173	 165	 173
 166	 174	 166	 174
 167	 175	 167	 175
 168	 160	 168	 160
 169	 161	 169	 161
 170	 162	 170	 162
 171	 163	 171	 163
 172	 164	 172	 164
 173	 165	 173	 165
 174	 166	 174	 166
 175	 167	 175	 167
 176	 184	 176	 184
 177	 185	 177	 185
 178	 186	 178	 186
 179	 187	 179	 187
 180	 188	 180	 188
 181	 189	 181	 189
 182	 190	 182	 190
 183	 191	 183	 191
 184	 176	 184	 176
 185	 177	 185	 177
 186	 178	 186	 178
 187	 179	 187	 179
 188	 180	 188	 180
 189	 181	 189	 181
 190	 182	 190	 182
 191	 183	 191	 183
 192	 200	 192	 200
 193	 201	 193	 201
 194	 202	 194	 202
 195	 203	 195	 203
 196	 204	 196	 204
 197	 205	 197	 205
 198	 206	 198	 206
 199	 207	 199	 207
 200	 192	 200	 192
 201	 193	 201	 193
 202	 194	 202	 194
 203	 195	 203	 195
 204	 196	 204	 196
 205	 197	 205	 197
 206	 198	 206	 198
 207	 199	 207	 199
 208	 216	 208	 216
 209	 217	 209	 217
 210	 218	 210	 218
 211	 219	 211	 219
 212	 220	 212	 220
 213	 221	 213	 221
 214	 222	 214	 222
 215	 223	 215	 223
 216	 208	 216	 208
 217	 209	 217	 209
 218	 210	 218	 210
 219	 211	 219	 211
 220	 212	 220	 212
 221	 213	 221	 213
 222	 214	 222	 214
 223	 215	 223	 215
 224	 232	 224	 232
 225	 233	 225	 233
 226	 234	 226	 234
 227	 235	 227	 235
 228	 236	 228	 236
 229	 237	 229	 237
 230	 238	 230	 238
 231	 239	 231	 239
 232	 224	 232	 224
 233	 225	 233	 225
 234	 226	 234	 226
 235	 227	 235	 227
 236	 228	 236	 228
 237	 229	 237	 229
 238	 230	 238	 230
 239	 231	 239	 231
 240	 248	 240	 248
 241	 249	 241	 249
 242	 250	 242	 250
 243	 251	 243	 251
 244	 252	 244	 252
 245	 253	 245	 253
 246	 254	 246	 254
 247	 255	 247	 255
 248	 240	 248	 240
 249	 241	 249	 241
 250	 242	 250	 242
 251	 243	 251	 243
 252	 244	 252	 244
 253	 245	 253	 245
 254	 246	 254	 246
 255	 247	 255	 247
   0	   4	   0	   4
   1	   5	   1	   5
   2	   6	   2	   6
   3	   7	   3	   7
   4	   0	   4	   0
   5	   1	   5	   1
   6	   2	   6	   2
   7	   3	   7	   3
   8	  12	   8	  12
   9	  13	   9	  13
  10	  14	  10	  14
  11	  15	  11	  15
  12	   8	  12	   8
  13	   9	  13	   9
  14	  10	  14	  10
  15	  11	  15	  11
  16	  20	  16	  20
  17	  21	  17	  21
  18	  22	  18	  22
  19	  23	  19	  23
  20	  16	  20	  16
  21	  17	  21	  17
  22	  18	  22	  18
  23	  19	  23	  19
  24	  28	  24	  28
  25	  29	  25	  29
  26	  30	  26	  30
  27	  31	  27	  31
  28	  24	  28	  24
  29	  25	  29	  25
  30	  26	  30	  26
  31	  27	  31	  27
  32	  36	  32	  36
  33	  37	  33	  37
  34	  38	  34	  38
  35	  39	  35	  39
  36	  32	  36	  32
  37	  33	  37	  33
  38	  34	  38	  34
  39	  35	  39	  35
  40	  44	  40	  44
  41	  45	  41	  45
  42	  46	  42	  46
  43	  47	  43	  47
  44	  40	  44	  40
  45	  41	  45	  41
  46	  42	  46	  42
  47	  43	  47	  43
  48	  52	  48	  52
  49	  53	  49	  53
  50	  54	  50	  54
  51	  55	  51	  55
  52	  48	  52	  48
  53	  49	  53	  49
  54	  50	  54	  50
  55	  51	  55	  51
  56	  60	  56	  60
  57	  61	  57	  61
  58	  62	  58	  62
  59	  63	  59	  63
  60	  56	  60	  56
  61	  57	  61	  57
  62	  58	  62	  58
  63	  59	  63	  59
  64	  68	  64	  68
  65	  69	  65	  69
  66	  70	  66	  70
  67	  71	  67	  71
  68	  64	  68	  64
  69	  65	  69	  65
  70	  66	  70	  66
  71	  67	  71	  67
  72	  76	  72	  76
  73	  77	  73	  77
  74	  78	  74	  78
  75	  79	  75	  79
  76	  72	  76	  72
  77	  73	  77	  73
  78	  74	  78	  74
  79	  75	  79	  75
  80	  84	  80	  84
  81	  85	  81	  85
  82	  86	  82	  86
  83	  87	  83	  87
  84	  80	  84	  80
  85	  81	  85	  81
  86	  82	  86	  82
  87	  83	  87	  83
  88	  92	  88	  92
  89	  93	  89	  93
  90	  94	  90	  94
  91	  95	  91	  95
  92	  88	  92	  88
  93	  89	  93	  89
  94	  90	  94	  90
  95	  91	  95	  91
  96	 100	  96	 100
  97	 101	  97	 101
  98	 102	  98	 102
  99	 103	  99	 103
 100	  96	 100	  96
 101	  97	 101	  97
 102	  98	 102	  98
 103	  99	 103	  99
 104	 108	 104	 108
 105	 109	 105	 109
 106	 110	 106	 110
 107	 111	 107	 111
 108	 104	 108	 104
 109	 105	 109	 105
 110	 106	 110	 106
 111	 107	 111	 107
 112	 116	 112	 116
 113	 117	 113	 117
 114	 118	 114	 118
 115	 119	 115	 119
 116	 112	 116	 112
 117	 113	 117	 113
 118	 114	 118	 114
 119	 115	 119	 115
 120	 124	 120	 124
 121	 125	 121	 125
 122	 126	 122	 126
 123	 127	 123	 127
 124	 120	 124	 120
 125	 121	 125	 121
 126	 122	 126	 122
 127	 123	 127	 123
 128	 132	 128	 132
 129	 133	 129	 133
 130	 134	 130	 134
 131	 135	 131	 135
 132	 128	 132	 128
 133	 129	 133	 129
 134	 130	 134	 130
 135	 131	 135	 131
 136	 140	 136	 140
 137	 141	 137	 141
 138	 142	 138	 142
 139	 143	 139	 143
 140	 136	 140	 136
 141	 137	 141	 137
 142	 138	 142	 138
 143	 139	 143	 139
 144	 148	 144	 148
 145	 149	 145	 149
 146	 150	 146	 150
 147	 151	 147	 151
 148	 144	 148	 144
 149	 145	 149	 145
 150	 146	 150	 146
 151	 147	 151	 147
 152	 156	 152	 156
 153	 157	 153	 157
 154	 158	 154	 158
 155	 159	 155	 159
 156	 152	 156	 152
 157	 153	 157	 153
 158	 154	 158	 154
 159	 155	 159	 155
 160	 164	 160	 164
 161	 165	 161	 165
 162	 166	 162	 166
 163	 167	 163	 167
 164	 160	 164	 160
 165	 161	 165	 161
 166	 162	 166	 162
 167	 163	 167	 163
 168	 172	 168	 172
 169	 173	 169	 173
 170	 174	 170	 174
 171	 175	 171	 175
 172	 168	 172	 168
 173	 169	 173	 169
 174	 170	 174	 170
 175	 171	 175	 171
 176	 180	 176	 180
 177	 181	 177	 181
 178	 182	 178	 182
 179	 183	 179	 183
 180	 176	 180	 176
 181	 177	 181	 177
 182	 178	 182	 178
 183	 179	 183	 179
 184	 188	 184	 188
 185	 189	 185	 189
 186	 190	 186	 190
 187	 191	 187	 191
 188	 184	 188	 184
 189	 185	 189	 185
 190	 186	 190	 186
 191	 187	 191	 187
 192	 196	 192	 196
 193	 197	 193	 197
 194	 198	 194	 198
 195	 199	 195	 199
 196	 192	 196	 192
 197	 193	 197	 193
 198	 194	 198	 194
 199	 195	 199	 195
 200	 204	 200	 204
 201	 205	 201	 205
 202	 206	 202	 206
 203	 207	 203	 207
 204	 200	 204	 200
 205	 201	 205	 201
 206	 202	 206	 202
 207	 203	 207	 203
 208	 212	 208	 212
 209	 213	 209	 213
 210	 214	 210	 214
 211	 215	 211	 215
 212	 208	 212	 208
 213	 209	 213	 209
 214	 210	 214	 210
 215	 211	 215	 211
 216	 220	 216	 220
 217	 221	 217	 221
 218	 222	 218	 222
 219	 223	 219	 223
 220	 216	 220	 216
 221	 217	 221	 217
 222	 218	 222	 218
 223	 219	 223	 219
 224	 228	 224	 228
 225	 229	 225	 229
 226	 230	 226	 230
 227	 231	 227	 231
 228	 224	 228	 224
 229	 225	 229	 225
 230	 226	 230	 226
 231	 227	 231	 227
 232	 236	 232	 236
 233	 237	 233	 237
 234	 238	 234	 238
 235	 239	 235	 239
 236	 232	 236	 232
 237	 233	 237	 233
 238	 234	 238	 234
 239	 235	 239	 235
 240	 244	 240	 244
 241	 245	 241	 245
 242	 246	 242	 246
 243	 247	 243	 247
 244	 240	 244	 240
 245	 241	 245	 241
 246	 242	 246	 242
 247	 243	 247	 243
 248	 252	 248	 252
 249	 253	 249	 253
 250	 254	 250	 254
 251	 255	 251	 255
 252	 248	 252	 248
 253	 249	 253	 249
 254	 250	 254	 250
 255	 251	 255	 251
   0	   2	   0	   2
   1	   3	   1	   3
   2	   0	   2	   0
   3	   1	   3	   1
   4	   6	   4	   6
   5	   7	   5	   7
   6	   4	   6	   4
   7	   5	   7	   5
   8	  10	   8	  10
   9	  11	   9	  11
  10	   8	  10	   8
  11	   9	  11	   9
  12	  14	  12	  14
  13	  15	  13	  15
  14	  12	  14	  12
  15	  13	  15	  13
  16	  18	  16	  18
  17	  19	  17	  19
  18	  16	  18	  16
  19	  17	  19	  17
  20	  22	  20	  22
  21	  23	  21	  23
  22	  20	  22	  20
  23	  21	  23	  21
  24	  26	  24	  26
  25	  27	  25	  27
  26	  24	  26	  24
  27	  25	  27	  25
  28	  30	  28	  30
  29	  31	  29	  31
  30	  28	  30	  28
  31	  29	  31	  29
  32	  34	  32	  34
  33	  35	  33	  35
  34	  32	  34	  32
  35	  33	  35	  33
  36	  38	  36	  38
  37	  39	  37	  39
  38	  36	  38	  36
  39	  37	  39	  37
  40	  42	  40	  42
  41	  43	  41	  43
  42	  40	  42	  40
  43	  41	  43	  41
  44	  46	  44	  46
  45	  47	  45	  47
  46	  44	  46	  44
  47	  45	  47	  45
  48	  50	  48	  50
  49	  51	  49	  51
  50	  48	  50	  48
  51	  49	  51	  49
  52	  54	  52	  54
  53	  55	  53	  55
  54	  52	  54	  52
  55	  53	  55	  53
  56	  58	  56	  58
  57	  59	  57	  59
  58	  56	  58	  56
  59	  57	  59	  57
  60	  62	  60	  62
  61	  63	  61	  63
  62	  60	  62	  60
  63	  61	  63	  61
  64	  66	  64	  66
  65	  67	  65	  67
  66	  64	  66	  64
  67	  65	  67	  65
  68	  70	  68	  70
  69	  71	  69	  71
  70	  68	  70	  68
  71	  69	  71	  69
  72	  74	  72	  74
  73	  75	  73	  75
  74	  72	  74	  72
  75	  73	  75	  73
  76	  78	  76	  78
  77	  79	  77	  79
  78	  76	  78	  76
  79	  77	  79	  77
  80	  82	  80	  82
  81	  83	  81	  83
  82	  80	  82	  80
  83	  81	  83	  81
  84	  86	  84	  86
  85	  87	  85	  87
  86	  84	  86	  84
  87	  85	  87	  85
  88	  90	  88	  90
  89	  91	  89	  91
  90	  88	  90	  88
  91	  89	  91	  89
  92	  94	  92	  94
  93	  95	  93	  95
  94	  92	  94	  92
  95	  93	  95	  93
  96	  98	  96	  98
  97	  99	  97	  99
  98	  96	  98	  96
  99	  97	  99	  97
 100	 102	 100	 102
 101	 103	 101	 103
 102	 100	 102	 100
 103	 101	 103	 101
 104	 106	 104	 106
 105	 107	 105	 107
 106	 104	 106	 104
 107	 105	 107	 105
 108	 110	 108	 110
 109	 111	 109	 111
 110	 108	 110	 108
 111	 109	 111	 109
 112	 114	 112	 114
 113	 115	 113	 115
 114	 112	 114	 112
 115	 113	 115	 113
 116	 118	 116	 118
 117	 119	 117	 119
 118	 116	 118	 116
 119	 117	 119	 117
 120	 122	 120	 122
 121	 123	 121	 123
 122	 120	 122	 120
 123	 121	 123	 121
 124	 126	 124	 126
 125	 127	 125	 127
 126	 124	 126	 124
 127	 125	 127	 125
 128	 130	 128	 130
 129	 131	 129	 131
 130	 128	 130	 128
 131	 129	 131	 129
 132	 134	 132	 134
 133	 135	 133	 135
 134	 132	 134	 132
 135	 133	 135	 133
 136	 138	 136	 138
 137	 139	 137	 139
 138	 136	 138	 136
 139	 137	 139	 137
 140	 142	 140	 142
 141	 143	 141	 143
 142	 140	 142	 140
 143	 141	 143	 141
 144	 146	 144	 146
 145	 147	 145	 147
 146	 144	 146	 144
 147	 145	 147	 145
 148	 150	 148	 150
 149	 151	 149	 151
 150	 148	 150	 148
 151	 149	 151	 149
 152	 154	 152	 154
 153	 155	 153	 155
 154	 152	 154	 152
 155	 153	 155	 153
 156	 158	 156	 158
 157	 159	 157	 159
 158	 156	 158	 156
 159	 157	 159	 157
 160	 162	 160	 162
 161	 163	 161	 163
 162	 160	 162	 160
 163	 161	 163	 161
 164	 166	 164	 166
 165	 167	 165	 167
 166	 164	 166	 164
 167	 165	 167	 165
 168	 170	 168	 170
 169	 171	 169	 171
 170	 168	 170	 168
 171	 169	 171	 169
 172	 174	 172	 174
 173	 175	 173	 175
 174	 172	 174	 172
 175	 173	 175	 173
 176	 178	 176	 178
 177	 179	 177	 179
 178	 176	 178	 176
 179	 177	 179	 177
 180	 182	 180	 182
 181	 183	 181	 183
 182	 180	 182	 180
 183	 181	 183	 181
 184	 186	 184	 186
 185	 187	 185	 187
 186	 184	 186	 184
 187	 185	 187	 185
 188	 190	 188	 190
 189	 191	 189	 191
 190	 188	 190	 188
 191	 189	 191	 189
 192	 194	 192	 194
 193	 195	 193	 195
 194	 192	 194	 192
 195	 193	 195	 193
 196	 198	 196	 198
 197	 199	 197	 199
 198	 196	 198	 196
 199	 197	 199	 197
 200	 202	 200	 202
 201	 203	 201	 203
 202	 200	 202	 200
 203	 201	 203	 201
 204	 206	 204	 206
 205	 207	 205	 207
 206	 204	 206	 204
 207	 205	 207	 205
 208	 210	 208	 210
 209	 211	 209	 211
 210	 208	 210	 208
 211	 209	 211	 209
 212	 214	 212	 214
 213	 215	 213	 215
 214	 212	 214	 212
 215	 213	 215	 213
 216	 218	 216	 218
 217	 219	 217	 219
 218	 216	 218	 216
 219	 217	 219	 217
 220	 222	 220	 222
 221	 223	 221	 223
 222	 220	 222	 220
 223	 221	 223	 221
 224	 226	 224	 226
 225	 227	 225	 227
 226	 224	 226	 224
 227	 225	 227	 225
 228	 230	 228	 230
 229	 231	 229	 231
 230	 228	 230	 228
 231	 229	 231	 229
 232	 234	 232	 234
 233	 235	 233	 235
 234	 232	 234	 232
 235	 233	 235	 233
 236	 238	 236	 238
 237	 239	 237	 239
 238	 236	 238	 236
 239	 237	 239	 237
 240	 242	 240	 242
 241	 243	 241	 243
 242	 240	 242	 240
 243	 241	 243	 241
 244	 246	 244	 246
 245	 247	 245	 247
 246	 244	 246	 244
 247	 245	 247	 245
 248	 250	 248	 250
 249	 251	 249	 251
 250	 248	 250	 248
 251	 249	 251	 249
 252	 254	 252	 254
 253	 255	 253	 255
 254	 252	 254	 252
 255	 253	 255	 253
   0	   1	   0	   1
   1	   0	   1	   0
   2	   3	   2	   3
   3	   2	   3	   2
   4	   5	   4	   5
   5	   4	   5	   4
   6	   7	   6	   7
   7	   6	   7	   6
   8	   9	   8	   9
   9	   8	   9	   8
  10	  11	  10	  11
  11	  10	  11	  10
  12	  13	  12	  13
  13	  12	  13	  12
  14	  15	  14	  15
  15	  14	  15	  14
  16	  17	  16	  17
  17	  16	  17	  16
  18	  19	  18	  19
  19	  18	  19	  18
  20	  21	  20	  21
  21	  20	  21	  20
  22	  23	  22	  23
  23	  22	  23	  22
  24	  25	  24	  25
  25	  24	  25	  24
  26	  27	  26	  27
  27	  26	  27	  26
  28	  29	  28	  29
  29	  28	  29	  28
  30	  31	  30	  31
  31	  30	  31	  30
  32	  33	  32	  33
  33	  32	  33	  32
  34	  35	  34	  35
  35	  34	  35	  34
  36	  37	  36	  37
  37	  36	  37	  36
  38	  39	  38	  39
  39	  38	  39	  38
  40	  41	  40	  41
  41	  40	  41	  40
  42	  43	  42	  43
  43	  42	  43	  42
  44	  45	  44	  45
  45	  44	  45	  44
  46	  47	  46	  47
  47	  46	  47	  46
  48	  49	  48	  49
  49	  48	  49	  48
  50	  51	  50	  51
  51	  50	  51	  50
  52	  53	  52	  53
  53	  52	  53	  52
  54	  55	  54	  55
  55	  54	  55	  54
  56	  57	  56	  57
  57	  56	  57	  56
  58	  59	  58	  59
  59	  58	  59	  58
  60	  61	  60	  61
  61	  60	  61	  60
  62	  63	  62	  63
  63	  62	  63	  62
  64	  65	  64	  65
  65	  64	  65	  64
  66	  67	  66	  67
  67	  66	  67	  66
  68	  69	  68	  69
  69	  68	  69	  68
  70	  71	  70	  71
  71	  70	  71	  70
  72	  73	  72	  73
  73	  72	  73	  72
  74	  75	  74	  75
  75	  74	  75	  74
  76	  77	  76	  77
  77	  76	  77	  76
  78	  79	  78	  79
  79	  78	  79	  78
  80	  81	  80	  81
  81	  80	  81	  80
  82	  83	  82	  83
  83	  82	  83	  82
  84	  85	  84	  85
  85	  84	  85	  84
  86	  87	  86	  87
  87	  86	  87	  86
  88	  89	  88	  89
  89	  88	  89	  88
  90	  91	  90	  91
  91	  90	  91	  90
  92	  93	  92	  93
  93	  92	  93	  92
  94	  95	  94	  95
  95	  94	  95	  94
  96	  97	  96	  97
  97	  96	  97	  96
  98	  99	  98	  99
  99	  98	  99	  98
 100	 101	 100	 101
 101	 100	 101	 100
 102	 103	 102	 103
 103	 102	 103	 102
 104	 105	 104	 105
 105	 104	 105	 104
 106	 107	 106	 107
 107	 106	 107	 106
 108	 109	 108	 109
 109	 108	 109	 108
 110	 111	 110	 111
 111	 110	 111	 110
 112	 113	 112	 113
 113	 112	 113	 112
 114	 115	 114	 115
 115	 114	 115	 114
 116	 117	 116	 117
 117	 116	 117	 116
 118	 119	 118	 119
 119	 118	 119	 118
 120	 121	 120	 121
 121	 120	 121	 120
 122	 123	 122	 123
 123	 122	 123	 122
 124	 125	 124	 125
 125	 124	 125	 124
 126	 127	 126	 127
 127	 126	 127	 126
 128	 129	 128	 129
 129	 128	 129	 128
 130	 131	 130	 131
 131	 130	 131	 130
 132	 133	 132	 133
 133	 132	 133	 132
 134	 135	 134	 135
 135	 134	 135	 134
 136	 137	 136	 137
 137	 136	 137	 136
 138	 139	 138	 139
 139	 138	 139	 138
 140	 141	 140	 141
 141	 140	 141	 140
 142	 143	 142	 143
 143	 142	 143	 142
 144	 145	 144	 145
 145	 144	 145	 144
 146	 147	 146	 147
 147	 146	 147	 146
 148	 149	 148	 149
 149	 148	 149	 148
 150	 151	 150	 151
 151	 150	 151	 150
 152	 153	 152	 153
 153	 152	 153	 152
 154	 155	 154	 155
 155	 154	 155	 154
 156	 157	 156	 157
 157	 156	 157	 156
 158	 159	 158	 159
 159	 158	 159	 158
 160	 161	 160	 161
 161	 160	 161	 160
 162	 163	 162	 163
 163	 162	 163	 162
 164	 165	 164	 165
 165	 164	 165	 164
 166	 167	 166	 167
 167	 166	 167	 166
 168	 169	 168	 169
 169	 168	 169	 168
 170	 171	 170	 171
 171	 170	 171	 170
 172	 173	 172	 173
 173	 172	 173	 172
 174	 175	 174	 175
 175	 174	 175	 174
 176	 177	 176	 177
 177	 176	 177	 176
 178	 179	 178	 179
 179	 178	 179	 178
 180	 181	 180	 181
 181	 180	 181	 180
 182	 183	 182	 183
 183	 182	 183	 182
 184	 185	 184	 185
 185	 184	 185	 184
 186	 187	 186	 187
 187	 186	 187	 186
 188	 189	 188	 189
 189	 188	 189	 188
 190	 191	 190	 191
 191	 190	 191	 190
 192	 193	 192	 193
 193	 192	 193	 192
 194	 195	 194	 195
 195	 194	 195	 194
 196	 197	 196	 197
 197	 196	 197	 196
 198	 199	 198	 199
 199	 198	 199	 198
 200	 201	 200	 201
 201	 200	 201	 200
 202	 203	 202	 203
 203	 202	 203	 202
 204	 205	 204	 205
 205	 204	 205	 204
 206	 207	 206	 207
 207	 206	 207	 206
 208	 209	 208	 209
 209	 208	 209	 208
 210	 211	 210	 211
 211	 210	 211	 210
 212	 213	 212	 213
 213	 212	 213	 212
 214	 215	 214	 215
 215	 214	 215	 214
 216	 217	 216	 217
 217	 216	 217	 216
 218	 219	 218	 219
 219	 218	 219	 218
 220	 221	 220	 221
 221	 220	 221	 220
 222	 223	 222	 223
 223	 222	 223	 222
 224	 225	 224	 225
 225	 224	 225	 224
 226	 227	 226	 227
 227	 226	 227	 226
 228	 229	 228	 229
 229	 228	 229	 228
 230	 231	 230	 231
 231	 230	 231	 230
 232	 233	 232	 233
 233	 232	 233	 232
 234	 235	 234	 235
 235	 234	 235	 234
 236	 237	 236	 237
 237	 236	 237	 236
 238	 239	 238	 239
 239	 238	 239	 238
 240	 241	 240	 241
 241	 240	 241	 240
 242	 243	 242	 243
 243	 242	 243	 242
 244	 245	 244	 245
 245	 244	 245	 244
 246	 247	 246	 247
 247	 246	 247	 246
 248	 249	 248	 249
 249	 248	 249	 248
 250	 251	 250	 251
 251	 250	 251	 250
 252	 253	 252	 253
 253	 252	 253	 252
 254	 255	 254	 255
 255	 254	 255	 254
   0	   0	   0	   0
   1	   1	   1	   1
   2	   2	   2	   2
   3	   3	   3	   3
   4	   4	   4	   4
   5	   5	   5	   5
   6	   6	   6	   6
   7	   7	   7	   7
   8	   8	   8	   8
   9	   9	   9	   9
  10	  10	  10	  10
  11	  11	  11	  11
  12	  12	  12	  12
  13	  13	  13	  13
  14	  14	  14	  14
  15	  15	  15	  15
  16	  16	  16	  16
  17	  17	  17	  17
  18	  18	  18	  18
  19	  19	  19	  19
  20	  20	  20	  20
  21	  21	  21	  21
  22	  22	  22	  22
  23	  23	  23	  23
  24	  24	  24	  24
  25	  25	  25	  25
  26	  26	  26	  26
  27	  27	  27	  27
  28	  28	  28	  28
  29	  29	  29	  29
  30	  30	  30	  30
  31	  31	  31	  31
  32	  32	  32	  32
  33	  33	  33	  33
  34	  34	  34	  34
  35	  35	  35	  35
  36	  36	  36	  36
  37	  37	  37	  37
  38	  38	  38	  38
  39	  39	  39	  39
  40	  40	  40	  40
  41	  41	  41	  41
  42	  42	  42	  42
  43	  43	  43	  43
  44	  44	  44	  44
  45	  45	  45	  45
  46	  46	  46	  46
  47	  47	  47	  47
  48	  48	  48	  48
  49	  49	  49	  49
  50	  50	  50	  50
  51	  51	  51	  51
  52	  52	  52	  52
  53	  53	  53	  53
  54	  54	  54	  54
  55	  55	  55	  55
  56	  56	  56	  56
  57	  57	  57	  57
  58	  58	  58	  58
  59	  59	  59	  59
  60	  60	  60	  60
  61	  61	  61	  61
  62	  62	  62	  62
  63	  63	  63	  63
  64	  64	  64	  64
  65	  65	  65	  65
  66	  66	  66	  66
  67	  67	  67	  67
  68	  68	  68	  68
  69	  69	  69	  69
  70	  70	  70	  70
  71	  71	  71	  71
  72	  72	  72	  72
  73	  73	  73	  73
  74	  74	  74	  74
  75	  75	  75	  75
  76	  76	  76	  76
  77	  77	  77	  77
  78	  78	  78	  78
  79	  79	  79	  79
  80	  80	  80	  80
  81	  81	  81	  81
  82	  82	  82	  82
  83	  83	  83	  83
  84	  84	  84	  84
  85	  85	  85	  85
  86	  86	  86	  86
  87	  87	  87	  87
  88	  88	  88	  88
  89	  89	  89	  89
  90	  90	  90	  90
  91	  91	  91	  91
  92	  92	  92	  92
  93	  93	  93	  93
  94	  94	  94	  94
  95	  95	  95	  95
  96	  96	  96	  96
  97	  97	  97	  97
  98	  98	  98	  98
  99	  99	  99	  99
 100	 100	 100	 100
 101	 101	 101	 101
 102	 102	 102	 102
 103	 103	 103	 103
 104	 104	 104	 104
 105	 105	 105	 105
 106	 106	 106	 106
 107	 107	 107	 107
 108	 108	 108	 108
 109	 109	 109	 109
 110	 110	 110	 110
 111	 111	 111	 111
 112	 112	 112	 112
 113	 113	 113	 113
 114	 114	 114	 114
 115	 115	 115	 115
 116	 116	 116	 116
 117	 117	 117	 117
 118	 118	 118	 118
 119	 119	 119	 119
 120	 120	 120	 120
 121	 121	 121	 121
 122	 122	 122	 122
 123	 123	 123	 123
 124	 124	 124	 124
 125	 125	 125	 125
 126	 126	 126	 126
 127	 127	 127	 127
 128	 128	 128	 128
 129	 129	 129	 129
 130	 130	 130	 130
 131	 131	 131	 131
 132	 132	 132	 132
 133	 133	 133	 133
 134	 134	 134	 134
 135	 135	 135	 135
 136	 136	 136	 136
 137	 137	 137	 137
 138	 138	 138	 138
 139	 139	 139	 139
 140	 140	 140	 140
 141	 141	 141	 141
 142	 142	 142	 142
 143	 143	 143	 143
 144	 144	 144	 144
 145	 145	 145	 145
 146	 146	 146	 146
 147	 147	 147	 147
 148	 148	 148	 148
 149	 149	 149	 149
 150	 150	 150	 150
 151	 151	 151	 151
 152	 152	 152	 152
 153	 153	 153	 153
 154	 154	 154	 154
 155	 155	 155	 155
 156	 156	 156	 156
 157	 157	 157	 157
 158	 158	 158	 158
 159	 159	 159	 159
 160	 160	 160	 160
 161	 161	 161	 161
 162	 162	 162	 162
 163	 163	 163	 163
 164	 164	 164	 164
 165	 165	 165	 165
 166	 166	 166	 166
 167	 167	 167	 167
 168	 168	 168	 168
 169	 169	 169	 169
 170	 170	 170	 170
 171	 171	 171	 171
 172	 172	 172	 172
 173	 173	 173	 173
 174	 174	 174	 174
 175	 175	 175	 175
 176	 176	 176	 176
 177	 177	 177	 177
 178	 178	 178	 178
 179	 179	 179	 179
 180	 180	 180	 180
 181	 181	 181	 181
 182	 182	 182	 182
 183	 183	 183	 183
 184	 184	 184	 184
 185	 185	 185	 185
 186	 186	 186	 186
 187	 187	 187	 187
 188	 188	 188	 188
 189	 189	 189	 189
 190	 190	 190	 190
 191	 191	 191	 191
 192	 192	 192	 192
 193	 193	 193	 193
 194	 194	 194	 194
 195	 195	 195	 195
 196	 196	 196	 196
 197	 197	 197	 197
 198	 198	 198	 198
 199	 199	 199	 199
 200	 200	 200	 200
 201	 201	 201	 201
 202	 202	 202	 202
 203	 203	 203	 203
 204	 204	 204	 204
 205	 205	 205	 205
 206	 206	 206	 206
 207	 207	 207	 207
 208	 208	 208	 208
 209	 209	 209	 209
 210	 210	 210	 210
 211	 211	 211	 211
 212	 212	 212	 212
 213	 213	 213	 213
 214	 214	 214	 214
 215	 215	 215	 215
 216	 216	 216	 216
 217	 217	 217	 217
 218	 218	 218	 218
 219	 219	 219	 219
 220	 220	 220	 220
 221	 221	 221	 221
 222	 222	 222	 222
 223	 223	 223	 223
 224	 224	 224	 224
 225	 225	 225	 225
 226	 226	 226	 226
 227	 227	 227	 227
 228	 228	 228	 228
 229	 229	 229	 229
 230	 230	 230	 230
 231	 231	 231	 231
 232	 232	 232	 232
 233	 233	 233	 233
 234	 234	 234	 234
 235	 235	 235	 235
 236	 236	 236	 236
 237	 237	 237	 237
 238	 238	 238	 238
 239	 239	 239	 239
 240	 240	 240	 240
 241	 241	 241	 241
 242	 242	 242	 242
 243	 243	 243	 243
 244	 244	 244	 244
 245	 245	 245	 245
 246	 246	 246	 246
 247	 247	 247	 247
 248	 248	 248	 248
 249	 249	 249	 249
 250	 250	 250	 250
 251	 251	 251	 251
 252	 252	 252	 252
 253	 253	 253	 253
 254	 254	 254	 254
 255	 255	 255	 255
