
	1st column - addr, 2nd - addr with bias
	3rd - div

	stage:  0

   0	   0	   0
   1	   0	   0
   2	   0	   0
   3	   0	   0
   4	   0	   0
   5	   0	   0
   6	   0	   0
   7	   0	   0
   8	   0	   0
   9	   0	   0
  10	   0	   0
  11	   0	   0
  12	   0	   0
  13	   0	   0
  14	   0	   0
  15	   0	   0
  16	   0	   0
  17	   0	   0
  18	   0	   0
  19	   0	   0
  20	   0	   0
  21	   0	   0
  22	   0	   0
  23	   0	   0
  24	   0	   0
  25	   0	   0
  26	   0	   0
  27	   0	   0
  28	   0	   0
  29	   0	   0
  30	   0	   0
  31	   0	   0
  32	   0	   0
  33	   0	   0
  34	   0	   0
  35	   0	   0
  36	   0	   0
  37	   0	   0
  38	   0	   0
  39	   0	   0
  40	   0	   0
  41	   0	   0
  42	   0	   0
  43	   0	   0
  44	   0	   0
  45	   0	   0
  46	   0	   0
  47	   0	   0
  48	   0	   0
  49	   0	   0
  50	   0	   0
  51	   0	   0
  52	   0	   0
  53	   0	   0
  54	   0	   0
  55	   0	   0
  56	   0	   0
  57	   0	   0
  58	   0	   0
  59	   0	   0
  60	   0	   0
  61	   0	   0
  62	   0	   0
  63	   0	   0
  64	   0	   0
  65	   0	   0
  66	   0	   0
  67	   0	   0
  68	   0	   0
  69	   0	   0
  70	   0	   0
  71	   0	   0
  72	   0	   0
  73	   0	   0
  74	   0	   0
  75	   0	   0
  76	   0	   0
  77	   0	   0
  78	   0	   0
  79	   0	   0
  80	   0	   0
  81	   0	   0
  82	   0	   0
  83	   0	   0
  84	   0	   0
  85	   0	   0
  86	   0	   0
  87	   0	   0
  88	   0	   0
  89	   0	   0
  90	   0	   0
  91	   0	   0
  92	   0	   0
  93	   0	   0
  94	   0	   0
  95	   0	   0
  96	   0	   0
  97	   0	   0
  98	   0	   0
  99	   0	   0
 100	   0	   0
 101	   0	   0
 102	   0	   0
 103	   0	   0
 104	   0	   0
 105	   0	   0
 106	   0	   0
 107	   0	   0
 108	   0	   0
 109	   0	   0
 110	   0	   0
 111	   0	   0
 112	   0	   0
 113	   0	   0
 114	   0	   0
 115	   0	   0
 116	   0	   0
 117	   0	   0
 118	   0	   0
 119	   0	   0
 120	   0	   0
 121	   0	   0
 122	   0	   0
 123	   0	   0
 124	   0	   0
 125	   0	   0
 126	   0	   0
 127	   0	   0
 128	   0	   0
 129	   0	   0
 130	   0	   0
 131	   0	   0
 132	   0	   0
 133	   0	   0
 134	   0	   0
 135	   0	   0
 136	   0	   0
 137	   0	   0
 138	   0	   0
 139	   0	   0
 140	   0	   0
 141	   0	   0
 142	   0	   0
 143	   0	   0
 144	   0	   0
 145	   0	   0
 146	   0	   0
 147	   0	   0
 148	   0	   0
 149	   0	   0
 150	   0	   0
 151	   0	   0
 152	   0	   0
 153	   0	   0
 154	   0	   0
 155	   0	   0
 156	   0	   0
 157	   0	   0
 158	   0	   0
 159	   0	   0
 160	   0	   0
 161	   0	   0
 162	   0	   0
 163	   0	   0
 164	   0	   0
 165	   0	   0
 166	   0	   0
 167	   0	   0
 168	   0	   0
 169	   0	   0
 170	   0	   0
 171	   0	   0
 172	   0	   0
 173	   0	   0
 174	   0	   0
 175	   0	   0
 176	   0	   0
 177	   0	   0
 178	   0	   0
 179	   0	   0
 180	   0	   0
 181	   0	   0
 182	   0	   0
 183	   0	   0
 184	   0	   0
 185	   0	   0
 186	   0	   0
 187	   0	   0
 188	   0	   0
 189	   0	   0
 190	   0	   0
 191	   0	   0
 192	   0	   0
 193	   0	   0
 194	   0	   0
 195	   0	   0
 196	   0	   0
 197	   0	   0
 198	   0	   0
 199	   0	   0
 200	   0	   0
 201	   0	   0
 202	   0	   0
 203	   0	   0
 204	   0	   0
 205	   0	   0
 206	   0	   0
 207	   0	   0
 208	   0	   0
 209	   0	   0
 210	   0	   0
 211	   0	   0
 212	   0	   0
 213	   0	   0
 214	   0	   0
 215	   0	   0
 216	   0	   0
 217	   0	   0
 218	   0	   0
 219	   0	   0
 220	   0	   0
 221	   0	   0
 222	   0	   0
 223	   0	   0
 224	   0	   0
 225	   0	   0
 226	   0	   0
 227	   0	   0
 228	   0	   0
 229	   0	   0
 230	   0	   0
 231	   0	   0
 232	   0	   0
 233	   0	   0
 234	   0	   0
 235	   0	   0
 236	   0	   0
 237	   0	   0
 238	   0	   0
 239	   0	   0
 240	   0	   0
 241	   0	   0
 242	   0	   0
 243	   0	   0
 244	   0	   0
 245	   0	   0
 246	   0	   0
 247	   0	   0
 248	   0	   0
 249	   0	   0
 250	   0	   0
 251	   0	   0
 252	   0	   0
 253	   0	   0
 254	   0	   0
 255	   0	   0

	stage:  1

   0	   0	 256
   1	   1	 256
   2	   2	 256
   3	   3	 256
   4	   4	 256
   5	   5	 256
   6	   6	 256
   7	   7	 256
   8	   8	 256
   9	   9	 256
  10	  10	 256
  11	  11	 256
  12	  12	 256
  13	  13	 256
  14	  14	 256
  15	  15	 256
  16	  16	 256
  17	  17	 256
  18	  18	 256
  19	  19	 256
  20	  20	 256
  21	  21	 256
  22	  22	 256
  23	  23	 256
  24	  24	 256
  25	  25	 256
  26	  26	 256
  27	  27	 256
  28	  28	 256
  29	  29	 256
  30	  30	 256
  31	  31	 256
  32	  32	 256
  33	  33	 256
  34	  34	 256
  35	  35	 256
  36	  36	 256
  37	  37	 256
  38	  38	 256
  39	  39	 256
  40	  40	 256
  41	  41	 256
  42	  42	 256
  43	  43	 256
  44	  44	 256
  45	  45	 256
  46	  46	 256
  47	  47	 256
  48	  48	 256
  49	  49	 256
  50	  50	 256
  51	  51	 256
  52	  52	 256
  53	  53	 256
  54	  54	 256
  55	  55	 256
  56	  56	 256
  57	  57	 256
  58	  58	 256
  59	  59	 256
  60	  60	 256
  61	  61	 256
  62	  62	 256
  63	  63	 256
  64	  64	 256
  65	  65	 256
  66	  66	 256
  67	  67	 256
  68	  68	 256
  69	  69	 256
  70	  70	 256
  71	  71	 256
  72	  72	 256
  73	  73	 256
  74	  74	 256
  75	  75	 256
  76	  76	 256
  77	  77	 256
  78	  78	 256
  79	  79	 256
  80	  80	 256
  81	  81	 256
  82	  82	 256
  83	  83	 256
  84	  84	 256
  85	  85	 256
  86	  86	 256
  87	  87	 256
  88	  88	 256
  89	  89	 256
  90	  90	 256
  91	  91	 256
  92	  92	 256
  93	  93	 256
  94	  94	 256
  95	  95	 256
  96	  96	 256
  97	  97	 256
  98	  98	 256
  99	  99	 256
 100	 100	 256
 101	 101	 256
 102	 102	 256
 103	 103	 256
 104	 104	 256
 105	 105	 256
 106	 106	 256
 107	 107	 256
 108	 108	 256
 109	 109	 256
 110	 110	 256
 111	 111	 256
 112	 112	 256
 113	 113	 256
 114	 114	 256
 115	 115	 256
 116	 116	 256
 117	 117	 256
 118	 118	 256
 119	 119	 256
 120	 120	 256
 121	 121	 256
 122	 122	 256
 123	 123	 256
 124	 124	 256
 125	 125	 256
 126	 126	 256
 127	 127	 256
 128	 128	 256
 129	 129	 256
 130	 130	 256
 131	 131	 256
 132	 132	 256
 133	 133	 256
 134	 134	 256
 135	 135	 256
 136	 136	 256
 137	 137	 256
 138	 138	 256
 139	 139	 256
 140	 140	 256
 141	 141	 256
 142	 142	 256
 143	 143	 256
 144	 144	 256
 145	 145	 256
 146	 146	 256
 147	 147	 256
 148	 148	 256
 149	 149	 256
 150	 150	 256
 151	 151	 256
 152	 152	 256
 153	 153	 256
 154	 154	 256
 155	 155	 256
 156	 156	 256
 157	 157	 256
 158	 158	 256
 159	 159	 256
 160	 160	 256
 161	 161	 256
 162	 162	 256
 163	 163	 256
 164	 164	 256
 165	 165	 256
 166	 166	 256
 167	 167	 256
 168	 168	 256
 169	 169	 256
 170	 170	 256
 171	 171	 256
 172	 172	 256
 173	 173	 256
 174	 174	 256
 175	 175	 256
 176	 176	 256
 177	 177	 256
 178	 178	 256
 179	 179	 256
 180	 180	 256
 181	 181	 256
 182	 182	 256
 183	 183	 256
 184	 184	 256
 185	 185	 256
 186	 186	 256
 187	 187	 256
 188	 188	 256
 189	 189	 256
 190	 190	 256
 191	 191	 256
 192	 192	 256
 193	 193	 256
 194	 194	 256
 195	 195	 256
 196	 196	 256
 197	 197	 256
 198	 198	 256
 199	 199	 256
 200	 200	 256
 201	 201	 256
 202	 202	 256
 203	 203	 256
 204	 204	 256
 205	 205	 256
 206	 206	 256
 207	 207	 256
 208	 208	 256
 209	 209	 256
 210	 210	 256
 211	 211	 256
 212	 212	 256
 213	 213	 256
 214	 214	 256
 215	 215	 256
 216	 216	 256
 217	 217	 256
 218	 218	 256
 219	 219	 256
 220	 220	 256
 221	 221	 256
 222	 222	 256
 223	 223	 256
 224	 224	 256
 225	 225	 256
 226	 226	 256
 227	 227	 256
 228	 228	 256
 229	 229	 256
 230	 230	 256
 231	 231	 256
 232	 232	 256
 233	 233	 256
 234	 234	 256
 235	 235	 256
 236	 236	 256
 237	 237	 256
 238	 238	 256
 239	 239	 256
 240	 240	 256
 241	 241	 256
 242	 242	 256
 243	 243	 256
 244	 244	 256
 245	 245	 256
 246	 246	 256
 247	 247	 256
 248	 248	 256
 249	 249	 256
 250	 250	 256
 251	 251	 256
 252	 252	 256
 253	 253	 256
 254	 254	 256
 255	 255	 256

	stage:  2

   0	   0	 128
   1	   1	 128
   2	   2	 128
   3	   3	 128
   4	   4	 128
   5	   5	 128
   6	   6	 128
   7	   7	 128
   8	   8	 128
   9	   9	 128
  10	  10	 128
  11	  11	 128
  12	  12	 128
  13	  13	 128
  14	  14	 128
  15	  15	 128
  16	  16	 128
  17	  17	 128
  18	  18	 128
  19	  19	 128
  20	  20	 128
  21	  21	 128
  22	  22	 128
  23	  23	 128
  24	  24	 128
  25	  25	 128
  26	  26	 128
  27	  27	 128
  28	  28	 128
  29	  29	 128
  30	  30	 128
  31	  31	 128
  32	  32	 128
  33	  33	 128
  34	  34	 128
  35	  35	 128
  36	  36	 128
  37	  37	 128
  38	  38	 128
  39	  39	 128
  40	  40	 128
  41	  41	 128
  42	  42	 128
  43	  43	 128
  44	  44	 128
  45	  45	 128
  46	  46	 128
  47	  47	 128
  48	  48	 128
  49	  49	 128
  50	  50	 128
  51	  51	 128
  52	  52	 128
  53	  53	 128
  54	  54	 128
  55	  55	 128
  56	  56	 128
  57	  57	 128
  58	  58	 128
  59	  59	 128
  60	  60	 128
  61	  61	 128
  62	  62	 128
  63	  63	 128
  64	  64	 128
  65	  65	 128
  66	  66	 128
  67	  67	 128
  68	  68	 128
  69	  69	 128
  70	  70	 128
  71	  71	 128
  72	  72	 128
  73	  73	 128
  74	  74	 128
  75	  75	 128
  76	  76	 128
  77	  77	 128
  78	  78	 128
  79	  79	 128
  80	  80	 128
  81	  81	 128
  82	  82	 128
  83	  83	 128
  84	  84	 128
  85	  85	 128
  86	  86	 128
  87	  87	 128
  88	  88	 128
  89	  89	 128
  90	  90	 128
  91	  91	 128
  92	  92	 128
  93	  93	 128
  94	  94	 128
  95	  95	 128
  96	  96	 128
  97	  97	 128
  98	  98	 128
  99	  99	 128
 100	 100	 128
 101	 101	 128
 102	 102	 128
 103	 103	 128
 104	 104	 128
 105	 105	 128
 106	 106	 128
 107	 107	 128
 108	 108	 128
 109	 109	 128
 110	 110	 128
 111	 111	 128
 112	 112	 128
 113	 113	 128
 114	 114	 128
 115	 115	 128
 116	 116	 128
 117	 117	 128
 118	 118	 128
 119	 119	 128
 120	 120	 128
 121	 121	 128
 122	 122	 128
 123	 123	 128
 124	 124	 128
 125	 125	 128
 126	 126	 128
 127	 127	 128
 128	 128	 128
 129	 129	 128
 130	 130	 128
 131	 131	 128
 132	 132	 128
 133	 133	 128
 134	 134	 128
 135	 135	 128
 136	 136	 128
 137	 137	 128
 138	 138	 128
 139	 139	 128
 140	 140	 128
 141	 141	 128
 142	 142	 128
 143	 143	 128
 144	 144	 128
 145	 145	 128
 146	 146	 128
 147	 147	 128
 148	 148	 128
 149	 149	 128
 150	 150	 128
 151	 151	 128
 152	 152	 128
 153	 153	 128
 154	 154	 128
 155	 155	 128
 156	 156	 128
 157	 157	 128
 158	 158	 128
 159	 159	 128
 160	 160	 128
 161	 161	 128
 162	 162	 128
 163	 163	 128
 164	 164	 128
 165	 165	 128
 166	 166	 128
 167	 167	 128
 168	 168	 128
 169	 169	 128
 170	 170	 128
 171	 171	 128
 172	 172	 128
 173	 173	 128
 174	 174	 128
 175	 175	 128
 176	 176	 128
 177	 177	 128
 178	 178	 128
 179	 179	 128
 180	 180	 128
 181	 181	 128
 182	 182	 128
 183	 183	 128
 184	 184	 128
 185	 185	 128
 186	 186	 128
 187	 187	 128
 188	 188	 128
 189	 189	 128
 190	 190	 128
 191	 191	 128
 192	 192	 128
 193	 193	 128
 194	 194	 128
 195	 195	 128
 196	 196	 128
 197	 197	 128
 198	 198	 128
 199	 199	 128
 200	 200	 128
 201	 201	 128
 202	 202	 128
 203	 203	 128
 204	 204	 128
 205	 205	 128
 206	 206	 128
 207	 207	 128
 208	 208	 128
 209	 209	 128
 210	 210	 128
 211	 211	 128
 212	 212	 128
 213	 213	 128
 214	 214	 128
 215	 215	 128
 216	 216	 128
 217	 217	 128
 218	 218	 128
 219	 219	 128
 220	 220	 128
 221	 221	 128
 222	 222	 128
 223	 223	 128
 224	 224	 128
 225	 225	 128
 226	 226	 128
 227	 227	 128
 228	 228	 128
 229	 229	 128
 230	 230	 128
 231	 231	 128
 232	 232	 128
 233	 233	 128
 234	 234	 128
 235	 235	 128
 236	 236	 128
 237	 237	 128
 238	 238	 128
 239	 239	 128
 240	 240	 128
 241	 241	 128
 242	 242	 128
 243	 243	 128
 244	 244	 128
 245	 245	 128
 246	 246	 128
 247	 247	 128
 248	 248	 128
 249	 249	 128
 250	 250	 128
 251	 251	 128
 252	 252	 128
 253	 253	 128
 254	 254	 128
 255	 255	 128

	stage:  3

   0	   0	  64
   1	   1	  64
   2	   2	  64
   3	   3	  64
   4	   4	  64
   5	   5	  64
   6	   6	  64
   7	   7	  64
   8	   8	  64
   9	   9	  64
  10	  10	  64
  11	  11	  64
  12	  12	  64
  13	  13	  64
  14	  14	  64
  15	  15	  64
  16	  16	  64
  17	  17	  64
  18	  18	  64
  19	  19	  64
  20	  20	  64
  21	  21	  64
  22	  22	  64
  23	  23	  64
  24	  24	  64
  25	  25	  64
  26	  26	  64
  27	  27	  64
  28	  28	  64
  29	  29	  64
  30	  30	  64
  31	  31	  64
  32	  32	  64
  33	  33	  64
  34	  34	  64
  35	  35	  64
  36	  36	  64
  37	  37	  64
  38	  38	  64
  39	  39	  64
  40	  40	  64
  41	  41	  64
  42	  42	  64
  43	  43	  64
  44	  44	  64
  45	  45	  64
  46	  46	  64
  47	  47	  64
  48	  48	  64
  49	  49	  64
  50	  50	  64
  51	  51	  64
  52	  52	  64
  53	  53	  64
  54	  54	  64
  55	  55	  64
  56	  56	  64
  57	  57	  64
  58	  58	  64
  59	  59	  64
  60	  60	  64
  61	  61	  64
  62	  62	  64
  63	  63	  64
  64	  64	  64
  65	  65	  64
  66	  66	  64
  67	  67	  64
  68	  68	  64
  69	  69	  64
  70	  70	  64
  71	  71	  64
  72	  72	  64
  73	  73	  64
  74	  74	  64
  75	  75	  64
  76	  76	  64
  77	  77	  64
  78	  78	  64
  79	  79	  64
  80	  80	  64
  81	  81	  64
  82	  82	  64
  83	  83	  64
  84	  84	  64
  85	  85	  64
  86	  86	  64
  87	  87	  64
  88	  88	  64
  89	  89	  64
  90	  90	  64
  91	  91	  64
  92	  92	  64
  93	  93	  64
  94	  94	  64
  95	  95	  64
  96	  96	  64
  97	  97	  64
  98	  98	  64
  99	  99	  64
 100	 100	  64
 101	 101	  64
 102	 102	  64
 103	 103	  64
 104	 104	  64
 105	 105	  64
 106	 106	  64
 107	 107	  64
 108	 108	  64
 109	 109	  64
 110	 110	  64
 111	 111	  64
 112	 112	  64
 113	 113	  64
 114	 114	  64
 115	 115	  64
 116	 116	  64
 117	 117	  64
 118	 118	  64
 119	 119	  64
 120	 120	  64
 121	 121	  64
 122	 122	  64
 123	 123	  64
 124	 124	  64
 125	 125	  64
 126	 126	  64
 127	 127	  64
 128	 192	  64
 129	 193	  64
 130	 194	  64
 131	 195	  64
 132	 196	  64
 133	 197	  64
 134	 198	  64
 135	 199	  64
 136	 200	  64
 137	 201	  64
 138	 202	  64
 139	 203	  64
 140	 204	  64
 141	 205	  64
 142	 206	  64
 143	 207	  64
 144	 208	  64
 145	 209	  64
 146	 210	  64
 147	 211	  64
 148	 212	  64
 149	 213	  64
 150	 214	  64
 151	 215	  64
 152	 216	  64
 153	 217	  64
 154	 218	  64
 155	 219	  64
 156	 220	  64
 157	 221	  64
 158	 222	  64
 159	 223	  64
 160	 224	  64
 161	 225	  64
 162	 226	  64
 163	 227	  64
 164	 228	  64
 165	 229	  64
 166	 230	  64
 167	 231	  64
 168	 232	  64
 169	 233	  64
 170	 234	  64
 171	 235	  64
 172	 236	  64
 173	 237	  64
 174	 238	  64
 175	 239	  64
 176	 240	  64
 177	 241	  64
 178	 242	  64
 179	 243	  64
 180	 244	  64
 181	 245	  64
 182	 246	  64
 183	 247	  64
 184	 248	  64
 185	 249	  64
 186	 250	  64
 187	 251	  64
 188	 252	  64
 189	 253	  64
 190	 254	  64
 191	 255	  64
 192	 128	  64
 193	 129	  64
 194	 130	  64
 195	 131	  64
 196	 132	  64
 197	 133	  64
 198	 134	  64
 199	 135	  64
 200	 136	  64
 201	 137	  64
 202	 138	  64
 203	 139	  64
 204	 140	  64
 205	 141	  64
 206	 142	  64
 207	 143	  64
 208	 144	  64
 209	 145	  64
 210	 146	  64
 211	 147	  64
 212	 148	  64
 213	 149	  64
 214	 150	  64
 215	 151	  64
 216	 152	  64
 217	 153	  64
 218	 154	  64
 219	 155	  64
 220	 156	  64
 221	 157	  64
 222	 158	  64
 223	 159	  64
 224	 160	  64
 225	 161	  64
 226	 162	  64
 227	 163	  64
 228	 164	  64
 229	 165	  64
 230	 166	  64
 231	 167	  64
 232	 168	  64
 233	 169	  64
 234	 170	  64
 235	 171	  64
 236	 172	  64
 237	 173	  64
 238	 174	  64
 239	 175	  64
 240	 176	  64
 241	 177	  64
 242	 178	  64
 243	 179	  64
 244	 180	  64
 245	 181	  64
 246	 182	  64
 247	 183	  64
 248	 184	  64
 249	 185	  64
 250	 186	  64
 251	 187	  64
 252	 188	  64
 253	 189	  64
 254	 190	  64
 255	 191	  64

	stage:  4

   0	   0	  32
   1	   1	  32
   2	   2	  32
   3	   3	  32
   4	   4	  32
   5	   5	  32
   6	   6	  32
   7	   7	  32
   8	   8	  32
   9	   9	  32
  10	  10	  32
  11	  11	  32
  12	  12	  32
  13	  13	  32
  14	  14	  32
  15	  15	  32
  16	  16	  32
  17	  17	  32
  18	  18	  32
  19	  19	  32
  20	  20	  32
  21	  21	  32
  22	  22	  32
  23	  23	  32
  24	  24	  32
  25	  25	  32
  26	  26	  32
  27	  27	  32
  28	  28	  32
  29	  29	  32
  30	  30	  32
  31	  31	  32
  32	  32	  32
  33	  33	  32
  34	  34	  32
  35	  35	  32
  36	  36	  32
  37	  37	  32
  38	  38	  32
  39	  39	  32
  40	  40	  32
  41	  41	  32
  42	  42	  32
  43	  43	  32
  44	  44	  32
  45	  45	  32
  46	  46	  32
  47	  47	  32
  48	  48	  32
  49	  49	  32
  50	  50	  32
  51	  51	  32
  52	  52	  32
  53	  53	  32
  54	  54	  32
  55	  55	  32
  56	  56	  32
  57	  57	  32
  58	  58	  32
  59	  59	  32
  60	  60	  32
  61	  61	  32
  62	  62	  32
  63	  63	  32
  64	  96	  32
  65	  97	  32
  66	  98	  32
  67	  99	  32
  68	 100	  32
  69	 101	  32
  70	 102	  32
  71	 103	  32
  72	 104	  32
  73	 105	  32
  74	 106	  32
  75	 107	  32
  76	 108	  32
  77	 109	  32
  78	 110	  32
  79	 111	  32
  80	 112	  32
  81	 113	  32
  82	 114	  32
  83	 115	  32
  84	 116	  32
  85	 117	  32
  86	 118	  32
  87	 119	  32
  88	 120	  32
  89	 121	  32
  90	 122	  32
  91	 123	  32
  92	 124	  32
  93	 125	  32
  94	 126	  32
  95	 127	  32
  96	  64	  32
  97	  65	  32
  98	  66	  32
  99	  67	  32
 100	  68	  32
 101	  69	  32
 102	  70	  32
 103	  71	  32
 104	  72	  32
 105	  73	  32
 106	  74	  32
 107	  75	  32
 108	  76	  32
 109	  77	  32
 110	  78	  32
 111	  79	  32
 112	  80	  32
 113	  81	  32
 114	  82	  32
 115	  83	  32
 116	  84	  32
 117	  85	  32
 118	  86	  32
 119	  87	  32
 120	  88	  32
 121	  89	  32
 122	  90	  32
 123	  91	  32
 124	  92	  32
 125	  93	  32
 126	  94	  32
 127	  95	  32
 128	 224	  32
 129	 225	  32
 130	 226	  32
 131	 227	  32
 132	 228	  32
 133	 229	  32
 134	 230	  32
 135	 231	  32
 136	 232	  32
 137	 233	  32
 138	 234	  32
 139	 235	  32
 140	 236	  32
 141	 237	  32
 142	 238	  32
 143	 239	  32
 144	 240	  32
 145	 241	  32
 146	 242	  32
 147	 243	  32
 148	 244	  32
 149	 245	  32
 150	 246	  32
 151	 247	  32
 152	 248	  32
 153	 249	  32
 154	 250	  32
 155	 251	  32
 156	 252	  32
 157	 253	  32
 158	 254	  32
 159	 255	  32
 160	 192	  32
 161	 193	  32
 162	 194	  32
 163	 195	  32
 164	 196	  32
 165	 197	  32
 166	 198	  32
 167	 199	  32
 168	 200	  32
 169	 201	  32
 170	 202	  32
 171	 203	  32
 172	 204	  32
 173	 205	  32
 174	 206	  32
 175	 207	  32
 176	 208	  32
 177	 209	  32
 178	 210	  32
 179	 211	  32
 180	 212	  32
 181	 213	  32
 182	 214	  32
 183	 215	  32
 184	 216	  32
 185	 217	  32
 186	 218	  32
 187	 219	  32
 188	 220	  32
 189	 221	  32
 190	 222	  32
 191	 223	  32
 192	 160	  32
 193	 161	  32
 194	 162	  32
 195	 163	  32
 196	 164	  32
 197	 165	  32
 198	 166	  32
 199	 167	  32
 200	 168	  32
 201	 169	  32
 202	 170	  32
 203	 171	  32
 204	 172	  32
 205	 173	  32
 206	 174	  32
 207	 175	  32
 208	 176	  32
 209	 177	  32
 210	 178	  32
 211	 179	  32
 212	 180	  32
 213	 181	  32
 214	 182	  32
 215	 183	  32
 216	 184	  32
 217	 185	  32
 218	 186	  32
 219	 187	  32
 220	 188	  32
 221	 189	  32
 222	 190	  32
 223	 191	  32
 224	 128	  32
 225	 129	  32
 226	 130	  32
 227	 131	  32
 228	 132	  32
 229	 133	  32
 230	 134	  32
 231	 135	  32
 232	 136	  32
 233	 137	  32
 234	 138	  32
 235	 139	  32
 236	 140	  32
 237	 141	  32
 238	 142	  32
 239	 143	  32
 240	 144	  32
 241	 145	  32
 242	 146	  32
 243	 147	  32
 244	 148	  32
 245	 149	  32
 246	 150	  32
 247	 151	  32
 248	 152	  32
 249	 153	  32
 250	 154	  32
 251	 155	  32
 252	 156	  32
 253	 157	  32
 254	 158	  32
 255	 159	  32

	stage:  5

   0	   0	  16
   1	   1	  16
   2	   2	  16
   3	   3	  16
   4	   4	  16
   5	   5	  16
   6	   6	  16
   7	   7	  16
   8	   8	  16
   9	   9	  16
  10	  10	  16
  11	  11	  16
  12	  12	  16
  13	  13	  16
  14	  14	  16
  15	  15	  16
  16	  16	  16
  17	  17	  16
  18	  18	  16
  19	  19	  16
  20	  20	  16
  21	  21	  16
  22	  22	  16
  23	  23	  16
  24	  24	  16
  25	  25	  16
  26	  26	  16
  27	  27	  16
  28	  28	  16
  29	  29	  16
  30	  30	  16
  31	  31	  16
  32	  48	  16
  33	  49	  16
  34	  50	  16
  35	  51	  16
  36	  52	  16
  37	  53	  16
  38	  54	  16
  39	  55	  16
  40	  56	  16
  41	  57	  16
  42	  58	  16
  43	  59	  16
  44	  60	  16
  45	  61	  16
  46	  62	  16
  47	  63	  16
  48	  32	  16
  49	  33	  16
  50	  34	  16
  51	  35	  16
  52	  36	  16
  53	  37	  16
  54	  38	  16
  55	  39	  16
  56	  40	  16
  57	  41	  16
  58	  42	  16
  59	  43	  16
  60	  44	  16
  61	  45	  16
  62	  46	  16
  63	  47	  16
  64	 112	  16
  65	 113	  16
  66	 114	  16
  67	 115	  16
  68	 116	  16
  69	 117	  16
  70	 118	  16
  71	 119	  16
  72	 120	  16
  73	 121	  16
  74	 122	  16
  75	 123	  16
  76	 124	  16
  77	 125	  16
  78	 126	  16
  79	 127	  16
  80	  96	  16
  81	  97	  16
  82	  98	  16
  83	  99	  16
  84	 100	  16
  85	 101	  16
  86	 102	  16
  87	 103	  16
  88	 104	  16
  89	 105	  16
  90	 106	  16
  91	 107	  16
  92	 108	  16
  93	 109	  16
  94	 110	  16
  95	 111	  16
  96	  80	  16
  97	  81	  16
  98	  82	  16
  99	  83	  16
 100	  84	  16
 101	  85	  16
 102	  86	  16
 103	  87	  16
 104	  88	  16
 105	  89	  16
 106	  90	  16
 107	  91	  16
 108	  92	  16
 109	  93	  16
 110	  94	  16
 111	  95	  16
 112	  64	  16
 113	  65	  16
 114	  66	  16
 115	  67	  16
 116	  68	  16
 117	  69	  16
 118	  70	  16
 119	  71	  16
 120	  72	  16
 121	  73	  16
 122	  74	  16
 123	  75	  16
 124	  76	  16
 125	  77	  16
 126	  78	  16
 127	  79	  16
 128	 240	  16
 129	 241	  16
 130	 242	  16
 131	 243	  16
 132	 244	  16
 133	 245	  16
 134	 246	  16
 135	 247	  16
 136	 248	  16
 137	 249	  16
 138	 250	  16
 139	 251	  16
 140	 252	  16
 141	 253	  16
 142	 254	  16
 143	 255	  16
 144	 224	  16
 145	 225	  16
 146	 226	  16
 147	 227	  16
 148	 228	  16
 149	 229	  16
 150	 230	  16
 151	 231	  16
 152	 232	  16
 153	 233	  16
 154	 234	  16
 155	 235	  16
 156	 236	  16
 157	 237	  16
 158	 238	  16
 159	 239	  16
 160	 208	  16
 161	 209	  16
 162	 210	  16
 163	 211	  16
 164	 212	  16
 165	 213	  16
 166	 214	  16
 167	 215	  16
 168	 216	  16
 169	 217	  16
 170	 218	  16
 171	 219	  16
 172	 220	  16
 173	 221	  16
 174	 222	  16
 175	 223	  16
 176	 192	  16
 177	 193	  16
 178	 194	  16
 179	 195	  16
 180	 196	  16
 181	 197	  16
 182	 198	  16
 183	 199	  16
 184	 200	  16
 185	 201	  16
 186	 202	  16
 187	 203	  16
 188	 204	  16
 189	 205	  16
 190	 206	  16
 191	 207	  16
 192	 176	  16
 193	 177	  16
 194	 178	  16
 195	 179	  16
 196	 180	  16
 197	 181	  16
 198	 182	  16
 199	 183	  16
 200	 184	  16
 201	 185	  16
 202	 186	  16
 203	 187	  16
 204	 188	  16
 205	 189	  16
 206	 190	  16
 207	 191	  16
 208	 160	  16
 209	 161	  16
 210	 162	  16
 211	 163	  16
 212	 164	  16
 213	 165	  16
 214	 166	  16
 215	 167	  16
 216	 168	  16
 217	 169	  16
 218	 170	  16
 219	 171	  16
 220	 172	  16
 221	 173	  16
 222	 174	  16
 223	 175	  16
 224	 144	  16
 225	 145	  16
 226	 146	  16
 227	 147	  16
 228	 148	  16
 229	 149	  16
 230	 150	  16
 231	 151	  16
 232	 152	  16
 233	 153	  16
 234	 154	  16
 235	 155	  16
 236	 156	  16
 237	 157	  16
 238	 158	  16
 239	 159	  16
 240	 128	  16
 241	 129	  16
 242	 130	  16
 243	 131	  16
 244	 132	  16
 245	 133	  16
 246	 134	  16
 247	 135	  16
 248	 136	  16
 249	 137	  16
 250	 138	  16
 251	 139	  16
 252	 140	  16
 253	 141	  16
 254	 142	  16
 255	 143	  16

	stage:  6

   0	   0	   8
   1	   1	   8
   2	   2	   8
   3	   3	   8
   4	   4	   8
   5	   5	   8
   6	   6	   8
   7	   7	   8
   8	   8	   8
   9	   9	   8
  10	  10	   8
  11	  11	   8
  12	  12	   8
  13	  13	   8
  14	  14	   8
  15	  15	   8
  16	  24	   8
  17	  25	   8
  18	  26	   8
  19	  27	   8
  20	  28	   8
  21	  29	   8
  22	  30	   8
  23	  31	   8
  24	  16	   8
  25	  17	   8
  26	  18	   8
  27	  19	   8
  28	  20	   8
  29	  21	   8
  30	  22	   8
  31	  23	   8
  32	  56	   8
  33	  57	   8
  34	  58	   8
  35	  59	   8
  36	  60	   8
  37	  61	   8
  38	  62	   8
  39	  63	   8
  40	  48	   8
  41	  49	   8
  42	  50	   8
  43	  51	   8
  44	  52	   8
  45	  53	   8
  46	  54	   8
  47	  55	   8
  48	  40	   8
  49	  41	   8
  50	  42	   8
  51	  43	   8
  52	  44	   8
  53	  45	   8
  54	  46	   8
  55	  47	   8
  56	  32	   8
  57	  33	   8
  58	  34	   8
  59	  35	   8
  60	  36	   8
  61	  37	   8
  62	  38	   8
  63	  39	   8
  64	 120	   8
  65	 121	   8
  66	 122	   8
  67	 123	   8
  68	 124	   8
  69	 125	   8
  70	 126	   8
  71	 127	   8
  72	 112	   8
  73	 113	   8
  74	 114	   8
  75	 115	   8
  76	 116	   8
  77	 117	   8
  78	 118	   8
  79	 119	   8
  80	 104	   8
  81	 105	   8
  82	 106	   8
  83	 107	   8
  84	 108	   8
  85	 109	   8
  86	 110	   8
  87	 111	   8
  88	  96	   8
  89	  97	   8
  90	  98	   8
  91	  99	   8
  92	 100	   8
  93	 101	   8
  94	 102	   8
  95	 103	   8
  96	  88	   8
  97	  89	   8
  98	  90	   8
  99	  91	   8
 100	  92	   8
 101	  93	   8
 102	  94	   8
 103	  95	   8
 104	  80	   8
 105	  81	   8
 106	  82	   8
 107	  83	   8
 108	  84	   8
 109	  85	   8
 110	  86	   8
 111	  87	   8
 112	  72	   8
 113	  73	   8
 114	  74	   8
 115	  75	   8
 116	  76	   8
 117	  77	   8
 118	  78	   8
 119	  79	   8
 120	  64	   8
 121	  65	   8
 122	  66	   8
 123	  67	   8
 124	  68	   8
 125	  69	   8
 126	  70	   8
 127	  71	   8
 128	 248	   8
 129	 249	   8
 130	 250	   8
 131	 251	   8
 132	 252	   8
 133	 253	   8
 134	 254	   8
 135	 255	   8
 136	 240	   8
 137	 241	   8
 138	 242	   8
 139	 243	   8
 140	 244	   8
 141	 245	   8
 142	 246	   8
 143	 247	   8
 144	 232	   8
 145	 233	   8
 146	 234	   8
 147	 235	   8
 148	 236	   8
 149	 237	   8
 150	 238	   8
 151	 239	   8
 152	 224	   8
 153	 225	   8
 154	 226	   8
 155	 227	   8
 156	 228	   8
 157	 229	   8
 158	 230	   8
 159	 231	   8
 160	 216	   8
 161	 217	   8
 162	 218	   8
 163	 219	   8
 164	 220	   8
 165	 221	   8
 166	 222	   8
 167	 223	   8
 168	 208	   8
 169	 209	   8
 170	 210	   8
 171	 211	   8
 172	 212	   8
 173	 213	   8
 174	 214	   8
 175	 215	   8
 176	 200	   8
 177	 201	   8
 178	 202	   8
 179	 203	   8
 180	 204	   8
 181	 205	   8
 182	 206	   8
 183	 207	   8
 184	 192	   8
 185	 193	   8
 186	 194	   8
 187	 195	   8
 188	 196	   8
 189	 197	   8
 190	 198	   8
 191	 199	   8
 192	 184	   8
 193	 185	   8
 194	 186	   8
 195	 187	   8
 196	 188	   8
 197	 189	   8
 198	 190	   8
 199	 191	   8
 200	 176	   8
 201	 177	   8
 202	 178	   8
 203	 179	   8
 204	 180	   8
 205	 181	   8
 206	 182	   8
 207	 183	   8
 208	 168	   8
 209	 169	   8
 210	 170	   8
 211	 171	   8
 212	 172	   8
 213	 173	   8
 214	 174	   8
 215	 175	   8
 216	 160	   8
 217	 161	   8
 218	 162	   8
 219	 163	   8
 220	 164	   8
 221	 165	   8
 222	 166	   8
 223	 167	   8
 224	 152	   8
 225	 153	   8
 226	 154	   8
 227	 155	   8
 228	 156	   8
 229	 157	   8
 230	 158	   8
 231	 159	   8
 232	 144	   8
 233	 145	   8
 234	 146	   8
 235	 147	   8
 236	 148	   8
 237	 149	   8
 238	 150	   8
 239	 151	   8
 240	 136	   8
 241	 137	   8
 242	 138	   8
 243	 139	   8
 244	 140	   8
 245	 141	   8
 246	 142	   8
 247	 143	   8
 248	 128	   8
 249	 129	   8
 250	 130	   8
 251	 131	   8
 252	 132	   8
 253	 133	   8
 254	 134	   8
 255	 135	   8

	stage:  7

   0	   0	   4
   1	   1	   4
   2	   2	   4
   3	   3	   4
   4	   4	   4
   5	   5	   4
   6	   6	   4
   7	   7	   4
   8	  12	   4
   9	  13	   4
  10	  14	   4
  11	  15	   4
  12	   8	   4
  13	   9	   4
  14	  10	   4
  15	  11	   4
  16	  28	   4
  17	  29	   4
  18	  30	   4
  19	  31	   4
  20	  24	   4
  21	  25	   4
  22	  26	   4
  23	  27	   4
  24	  20	   4
  25	  21	   4
  26	  22	   4
  27	  23	   4
  28	  16	   4
  29	  17	   4
  30	  18	   4
  31	  19	   4
  32	  60	   4
  33	  61	   4
  34	  62	   4
  35	  63	   4
  36	  56	   4
  37	  57	   4
  38	  58	   4
  39	  59	   4
  40	  52	   4
  41	  53	   4
  42	  54	   4
  43	  55	   4
  44	  48	   4
  45	  49	   4
  46	  50	   4
  47	  51	   4
  48	  44	   4
  49	  45	   4
  50	  46	   4
  51	  47	   4
  52	  40	   4
  53	  41	   4
  54	  42	   4
  55	  43	   4
  56	  36	   4
  57	  37	   4
  58	  38	   4
  59	  39	   4
  60	  32	   4
  61	  33	   4
  62	  34	   4
  63	  35	   4
  64	 124	   4
  65	 125	   4
  66	 126	   4
  67	 127	   4
  68	 120	   4
  69	 121	   4
  70	 122	   4
  71	 123	   4
  72	 116	   4
  73	 117	   4
  74	 118	   4
  75	 119	   4
  76	 112	   4
  77	 113	   4
  78	 114	   4
  79	 115	   4
  80	 108	   4
  81	 109	   4
  82	 110	   4
  83	 111	   4
  84	 104	   4
  85	 105	   4
  86	 106	   4
  87	 107	   4
  88	 100	   4
  89	 101	   4
  90	 102	   4
  91	 103	   4
  92	  96	   4
  93	  97	   4
  94	  98	   4
  95	  99	   4
  96	  92	   4
  97	  93	   4
  98	  94	   4
  99	  95	   4
 100	  88	   4
 101	  89	   4
 102	  90	   4
 103	  91	   4
 104	  84	   4
 105	  85	   4
 106	  86	   4
 107	  87	   4
 108	  80	   4
 109	  81	   4
 110	  82	   4
 111	  83	   4
 112	  76	   4
 113	  77	   4
 114	  78	   4
 115	  79	   4
 116	  72	   4
 117	  73	   4
 118	  74	   4
 119	  75	   4
 120	  68	   4
 121	  69	   4
 122	  70	   4
 123	  71	   4
 124	  64	   4
 125	  65	   4
 126	  66	   4
 127	  67	   4
 128	 252	   4
 129	 253	   4
 130	 254	   4
 131	 255	   4
 132	 248	   4
 133	 249	   4
 134	 250	   4
 135	 251	   4
 136	 244	   4
 137	 245	   4
 138	 246	   4
 139	 247	   4
 140	 240	   4
 141	 241	   4
 142	 242	   4
 143	 243	   4
 144	 236	   4
 145	 237	   4
 146	 238	   4
 147	 239	   4
 148	 232	   4
 149	 233	   4
 150	 234	   4
 151	 235	   4
 152	 228	   4
 153	 229	   4
 154	 230	   4
 155	 231	   4
 156	 224	   4
 157	 225	   4
 158	 226	   4
 159	 227	   4
 160	 220	   4
 161	 221	   4
 162	 222	   4
 163	 223	   4
 164	 216	   4
 165	 217	   4
 166	 218	   4
 167	 219	   4
 168	 212	   4
 169	 213	   4
 170	 214	   4
 171	 215	   4
 172	 208	   4
 173	 209	   4
 174	 210	   4
 175	 211	   4
 176	 204	   4
 177	 205	   4
 178	 206	   4
 179	 207	   4
 180	 200	   4
 181	 201	   4
 182	 202	   4
 183	 203	   4
 184	 196	   4
 185	 197	   4
 186	 198	   4
 187	 199	   4
 188	 192	   4
 189	 193	   4
 190	 194	   4
 191	 195	   4
 192	 188	   4
 193	 189	   4
 194	 190	   4
 195	 191	   4
 196	 184	   4
 197	 185	   4
 198	 186	   4
 199	 187	   4
 200	 180	   4
 201	 181	   4
 202	 182	   4
 203	 183	   4
 204	 176	   4
 205	 177	   4
 206	 178	   4
 207	 179	   4
 208	 172	   4
 209	 173	   4
 210	 174	   4
 211	 175	   4
 212	 168	   4
 213	 169	   4
 214	 170	   4
 215	 171	   4
 216	 164	   4
 217	 165	   4
 218	 166	   4
 219	 167	   4
 220	 160	   4
 221	 161	   4
 222	 162	   4
 223	 163	   4
 224	 156	   4
 225	 157	   4
 226	 158	   4
 227	 159	   4
 228	 152	   4
 229	 153	   4
 230	 154	   4
 231	 155	   4
 232	 148	   4
 233	 149	   4
 234	 150	   4
 235	 151	   4
 236	 144	   4
 237	 145	   4
 238	 146	   4
 239	 147	   4
 240	 140	   4
 241	 141	   4
 242	 142	   4
 243	 143	   4
 244	 136	   4
 245	 137	   4
 246	 138	   4
 247	 139	   4
 248	 132	   4
 249	 133	   4
 250	 134	   4
 251	 135	   4
 252	 128	   4
 253	 129	   4
 254	 130	   4
 255	 131	   4

	stage:  8

   0	   0	   2
   1	   1	   2
   2	   2	   2
   3	   3	   2
   4	   6	   2
   5	   7	   2
   6	   4	   2
   7	   5	   2
   8	  14	   2
   9	  15	   2
  10	  12	   2
  11	  13	   2
  12	  10	   2
  13	  11	   2
  14	   8	   2
  15	   9	   2
  16	  30	   2
  17	  31	   2
  18	  28	   2
  19	  29	   2
  20	  26	   2
  21	  27	   2
  22	  24	   2
  23	  25	   2
  24	  22	   2
  25	  23	   2
  26	  20	   2
  27	  21	   2
  28	  18	   2
  29	  19	   2
  30	  16	   2
  31	  17	   2
  32	  62	   2
  33	  63	   2
  34	  60	   2
  35	  61	   2
  36	  58	   2
  37	  59	   2
  38	  56	   2
  39	  57	   2
  40	  54	   2
  41	  55	   2
  42	  52	   2
  43	  53	   2
  44	  50	   2
  45	  51	   2
  46	  48	   2
  47	  49	   2
  48	  46	   2
  49	  47	   2
  50	  44	   2
  51	  45	   2
  52	  42	   2
  53	  43	   2
  54	  40	   2
  55	  41	   2
  56	  38	   2
  57	  39	   2
  58	  36	   2
  59	  37	   2
  60	  34	   2
  61	  35	   2
  62	  32	   2
  63	  33	   2
  64	 126	   2
  65	 127	   2
  66	 124	   2
  67	 125	   2
  68	 122	   2
  69	 123	   2
  70	 120	   2
  71	 121	   2
  72	 118	   2
  73	 119	   2
  74	 116	   2
  75	 117	   2
  76	 114	   2
  77	 115	   2
  78	 112	   2
  79	 113	   2
  80	 110	   2
  81	 111	   2
  82	 108	   2
  83	 109	   2
  84	 106	   2
  85	 107	   2
  86	 104	   2
  87	 105	   2
  88	 102	   2
  89	 103	   2
  90	 100	   2
  91	 101	   2
  92	  98	   2
  93	  99	   2
  94	  96	   2
  95	  97	   2
  96	  94	   2
  97	  95	   2
  98	  92	   2
  99	  93	   2
 100	  90	   2
 101	  91	   2
 102	  88	   2
 103	  89	   2
 104	  86	   2
 105	  87	   2
 106	  84	   2
 107	  85	   2
 108	  82	   2
 109	  83	   2
 110	  80	   2
 111	  81	   2
 112	  78	   2
 113	  79	   2
 114	  76	   2
 115	  77	   2
 116	  74	   2
 117	  75	   2
 118	  72	   2
 119	  73	   2
 120	  70	   2
 121	  71	   2
 122	  68	   2
 123	  69	   2
 124	  66	   2
 125	  67	   2
 126	  64	   2
 127	  65	   2
 128	 254	   2
 129	 255	   2
 130	 252	   2
 131	 253	   2
 132	 250	   2
 133	 251	   2
 134	 248	   2
 135	 249	   2
 136	 246	   2
 137	 247	   2
 138	 244	   2
 139	 245	   2
 140	 242	   2
 141	 243	   2
 142	 240	   2
 143	 241	   2
 144	 238	   2
 145	 239	   2
 146	 236	   2
 147	 237	   2
 148	 234	   2
 149	 235	   2
 150	 232	   2
 151	 233	   2
 152	 230	   2
 153	 231	   2
 154	 228	   2
 155	 229	   2
 156	 226	   2
 157	 227	   2
 158	 224	   2
 159	 225	   2
 160	 222	   2
 161	 223	   2
 162	 220	   2
 163	 221	   2
 164	 218	   2
 165	 219	   2
 166	 216	   2
 167	 217	   2
 168	 214	   2
 169	 215	   2
 170	 212	   2
 171	 213	   2
 172	 210	   2
 173	 211	   2
 174	 208	   2
 175	 209	   2
 176	 206	   2
 177	 207	   2
 178	 204	   2
 179	 205	   2
 180	 202	   2
 181	 203	   2
 182	 200	   2
 183	 201	   2
 184	 198	   2
 185	 199	   2
 186	 196	   2
 187	 197	   2
 188	 194	   2
 189	 195	   2
 190	 192	   2
 191	 193	   2
 192	 190	   2
 193	 191	   2
 194	 188	   2
 195	 189	   2
 196	 186	   2
 197	 187	   2
 198	 184	   2
 199	 185	   2
 200	 182	   2
 201	 183	   2
 202	 180	   2
 203	 181	   2
 204	 178	   2
 205	 179	   2
 206	 176	   2
 207	 177	   2
 208	 174	   2
 209	 175	   2
 210	 172	   2
 211	 173	   2
 212	 170	   2
 213	 171	   2
 214	 168	   2
 215	 169	   2
 216	 166	   2
 217	 167	   2
 218	 164	   2
 219	 165	   2
 220	 162	   2
 221	 163	   2
 222	 160	   2
 223	 161	   2
 224	 158	   2
 225	 159	   2
 226	 156	   2
 227	 157	   2
 228	 154	   2
 229	 155	   2
 230	 152	   2
 231	 153	   2
 232	 150	   2
 233	 151	   2
 234	 148	   2
 235	 149	   2
 236	 146	   2
 237	 147	   2
 238	 144	   2
 239	 145	   2
 240	 142	   2
 241	 143	   2
 242	 140	   2
 243	 141	   2
 244	 138	   2
 245	 139	   2
 246	 136	   2
 247	 137	   2
 248	 134	   2
 249	 135	   2
 250	 132	   2
 251	 133	   2
 252	 130	   2
 253	 131	   2
 254	 128	   2
 255	 129	   2

	stage:  9

   0	   0	   1
   1	   1	   1
   2	   3	   1
   3	   2	   1
   4	   7	   1
   5	   6	   1
   6	   5	   1
   7	   4	   1
   8	  15	   1
   9	  14	   1
  10	  13	   1
  11	  12	   1
  12	  11	   1
  13	  10	   1
  14	   9	   1
  15	   8	   1
  16	  31	   1
  17	  30	   1
  18	  29	   1
  19	  28	   1
  20	  27	   1
  21	  26	   1
  22	  25	   1
  23	  24	   1
  24	  23	   1
  25	  22	   1
  26	  21	   1
  27	  20	   1
  28	  19	   1
  29	  18	   1
  30	  17	   1
  31	  16	   1
  32	  63	   1
  33	  62	   1
  34	  61	   1
  35	  60	   1
  36	  59	   1
  37	  58	   1
  38	  57	   1
  39	  56	   1
  40	  55	   1
  41	  54	   1
  42	  53	   1
  43	  52	   1
  44	  51	   1
  45	  50	   1
  46	  49	   1
  47	  48	   1
  48	  47	   1
  49	  46	   1
  50	  45	   1
  51	  44	   1
  52	  43	   1
  53	  42	   1
  54	  41	   1
  55	  40	   1
  56	  39	   1
  57	  38	   1
  58	  37	   1
  59	  36	   1
  60	  35	   1
  61	  34	   1
  62	  33	   1
  63	  32	   1
  64	 127	   1
  65	 126	   1
  66	 125	   1
  67	 124	   1
  68	 123	   1
  69	 122	   1
  70	 121	   1
  71	 120	   1
  72	 119	   1
  73	 118	   1
  74	 117	   1
  75	 116	   1
  76	 115	   1
  77	 114	   1
  78	 113	   1
  79	 112	   1
  80	 111	   1
  81	 110	   1
  82	 109	   1
  83	 108	   1
  84	 107	   1
  85	 106	   1
  86	 105	   1
  87	 104	   1
  88	 103	   1
  89	 102	   1
  90	 101	   1
  91	 100	   1
  92	  99	   1
  93	  98	   1
  94	  97	   1
  95	  96	   1
  96	  95	   1
  97	  94	   1
  98	  93	   1
  99	  92	   1
 100	  91	   1
 101	  90	   1
 102	  89	   1
 103	  88	   1
 104	  87	   1
 105	  86	   1
 106	  85	   1
 107	  84	   1
 108	  83	   1
 109	  82	   1
 110	  81	   1
 111	  80	   1
 112	  79	   1
 113	  78	   1
 114	  77	   1
 115	  76	   1
 116	  75	   1
 117	  74	   1
 118	  73	   1
 119	  72	   1
 120	  71	   1
 121	  70	   1
 122	  69	   1
 123	  68	   1
 124	  67	   1
 125	  66	   1
 126	  65	   1
 127	  64	   1
 128	 255	   1
 129	 254	   1
 130	 253	   1
 131	 252	   1
 132	 251	   1
 133	 250	   1
 134	 249	   1
 135	 248	   1
 136	 247	   1
 137	 246	   1
 138	 245	   1
 139	 244	   1
 140	 243	   1
 141	 242	   1
 142	 241	   1
 143	 240	   1
 144	 239	   1
 145	 238	   1
 146	 237	   1
 147	 236	   1
 148	 235	   1
 149	 234	   1
 150	 233	   1
 151	 232	   1
 152	 231	   1
 153	 230	   1
 154	 229	   1
 155	 228	   1
 156	 227	   1
 157	 226	   1
 158	 225	   1
 159	 224	   1
 160	 223	   1
 161	 222	   1
 162	 221	   1
 163	 220	   1
 164	 219	   1
 165	 218	   1
 166	 217	   1
 167	 216	   1
 168	 215	   1
 169	 214	   1
 170	 213	   1
 171	 212	   1
 172	 211	   1
 173	 210	   1
 174	 209	   1
 175	 208	   1
 176	 207	   1
 177	 206	   1
 178	 205	   1
 179	 204	   1
 180	 203	   1
 181	 202	   1
 182	 201	   1
 183	 200	   1
 184	 199	   1
 185	 198	   1
 186	 197	   1
 187	 196	   1
 188	 195	   1
 189	 194	   1
 190	 193	   1
 191	 192	   1
 192	 191	   1
 193	 190	   1
 194	 189	   1
 195	 188	   1
 196	 187	   1
 197	 186	   1
 198	 185	   1
 199	 184	   1
 200	 183	   1
 201	 182	   1
 202	 181	   1
 203	 180	   1
 204	 179	   1
 205	 178	   1
 206	 177	   1
 207	 176	   1
 208	 175	   1
 209	 174	   1
 210	 173	   1
 211	 172	   1
 212	 171	   1
 213	 170	   1
 214	 169	   1
 215	 168	   1
 216	 167	   1
 217	 166	   1
 218	 165	   1
 219	 164	   1
 220	 163	   1
 221	 162	   1
 222	 161	   1
 223	 160	   1
 224	 159	   1
 225	 158	   1
 226	 157	   1
 227	 156	   1
 228	 155	   1
 229	 154	   1
 230	 153	   1
 231	 152	   1
 232	 151	   1
 233	 150	   1
 234	 149	   1
 235	 148	   1
 236	 147	   1
 237	 146	   1
 238	 145	   1
 239	 144	   1
 240	 143	   1
 241	 142	   1
 242	 141	   1
 243	 140	   1
 244	 139	   1
 245	 138	   1
 246	 137	   1
 247	 136	   1
 248	 135	   1
 249	 134	   1
 250	 133	   1
 251	 132	   1
 252	 131	   1
 253	 130	   1
 254	 129	   1
 255	 128	   1
