   0	  16	  32	  48
   1	  17	  33	  49
   2	  18	  34	  50
   3	  19	  35	  51
   4	  20	  36	  52
   5	  21	  37	  53
   6	  22	  38	  54
   7	  23	  39	  55
   8	  24	  40	  56
   9	  25	  41	  57
  10	  26	  42	  58
  11	  27	  43	  59
  12	  28	  44	  60
  13	  29	  45	  61
  14	  30	  46	  62
  15	  31	  47	  63
  80	  64	 112	  96
  81	  65	 113	  97
  82	  66	 114	  98
  83	  67	 115	  99
  84	  68	 116	 100
  85	  69	 117	 101
  86	  70	 118	 102
  87	  71	 119	 103
  88	  72	 120	 104
  89	  73	 121	 105
  90	  74	 122	 106
  91	  75	 123	 107
  92	  76	 124	 108
  93	  77	 125	 109
  94	  78	 126	 110
  95	  79	 127	 111
 128	 144	 160	 176
 129	 145	 161	 177
 130	 146	 162	 178
 131	 147	 163	 179
 132	 148	 164	 180
 133	 149	 165	 181
 134	 150	 166	 182
 135	 151	 167	 183
 136	 152	 168	 184
 137	 153	 169	 185
 138	 154	 170	 186
 139	 155	 171	 187
 140	 156	 172	 188
 141	 157	 173	 189
 142	 158	 174	 190
 143	 159	 175	 191
 208	 192	 240	 224
 209	 193	 241	 225
 210	 194	 242	 226
 211	 195	 243	 227
 212	 196	 244	 228
 213	 197	 245	 229
 214	 198	 246	 230
 215	 199	 247	 231
 216	 200	 248	 232
 217	 201	 249	 233
 218	 202	 250	 234
 219	 203	 251	 235
 220	 204	 252	 236
 221	 205	 253	 237
 222	 206	 254	 238
 223	 207	 255	 239
 256	 272	 288	 304
 257	 273	 289	 305
 258	 274	 290	 306
 259	 275	 291	 307
 260	 276	 292	 308
 261	 277	 293	 309
 262	 278	 294	 310
 263	 279	 295	 311
 264	 280	 296	 312
 265	 281	 297	 313
 266	 282	 298	 314
 267	 283	 299	 315
 268	 284	 300	 316
 269	 285	 301	 317
 270	 286	 302	 318
 271	 287	 303	 319
 336	 320	 368	 352
 337	 321	 369	 353
 338	 322	 370	 354
 339	 323	 371	 355
 340	 324	 372	 356
 341	 325	 373	 357
 342	 326	 374	 358
 343	 327	 375	 359
 344	 328	 376	 360
 345	 329	 377	 361
 346	 330	 378	 362
 347	 331	 379	 363
 348	 332	 380	 364
 349	 333	 381	 365
 350	 334	 382	 366
 351	 335	 383	 367
 384	 400	 416	 432
 385	 401	 417	 433
 386	 402	 418	 434
 387	 403	 419	 435
 388	 404	 420	 436
 389	 405	 421	 437
 390	 406	 422	 438
 391	 407	 423	 439
 392	 408	 424	 440
 393	 409	 425	 441
 394	 410	 426	 442
 395	 411	 427	 443
 396	 412	 428	 444
 397	 413	 429	 445
 398	 414	 430	 446
 399	 415	 431	 447
 464	 448	 496	 480
 465	 449	 497	 481
 466	 450	 498	 482
 467	 451	 499	 483
 468	 452	 500	 484
 469	 453	 501	 485
 470	 454	 502	 486
 471	 455	 503	 487
 472	 456	 504	 488
 473	 457	 505	 489
 474	 458	 506	 490
 475	 459	 507	 491
 476	 460	 508	 492
 477	 461	 509	 493
 478	 462	 510	 494
 479	 463	 511	 495
 512	 528	 544	 560
 513	 529	 545	 561
 514	 530	 546	 562
 515	 531	 547	 563
 516	 532	 548	 564
 517	 533	 549	 565
 518	 534	 550	 566
 519	 535	 551	 567
 520	 536	 552	 568
 521	 537	 553	 569
 522	 538	 554	 570
 523	 539	 555	 571
 524	 540	 556	 572
 525	 541	 557	 573
 526	 542	 558	 574
 527	 543	 559	 575
 592	 576	 624	 608
 593	 577	 625	 609
 594	 578	 626	 610
 595	 579	 627	 611
 596	 580	 628	 612
 597	 581	 629	 613
 598	 582	 630	 614
 599	 583	 631	 615
 600	 584	 632	 616
 601	 585	 633	 617
 602	 586	 634	 618
 603	 587	 635	 619
 604	 588	 636	 620
 605	 589	 637	 621
 606	 590	 638	 622
 607	 591	 639	 623
 640	 656	 672	 688
 641	 657	 673	 689
 642	 658	 674	 690
 643	 659	 675	 691
 644	 660	 676	 692
 645	 661	 677	 693
 646	 662	 678	 694
 647	 663	 679	 695
 648	 664	 680	 696
 649	 665	 681	 697
 650	 666	 682	 698
 651	 667	 683	 699
 652	 668	 684	 700
 653	 669	 685	 701
 654	 670	 686	 702
 655	 671	 687	 703
 720	 704	 752	 736
 721	 705	 753	 737
 722	 706	 754	 738
 723	 707	 755	 739
 724	 708	 756	 740
 725	 709	 757	 741
 726	 710	 758	 742
 727	 711	 759	 743
 728	 712	 760	 744
 729	 713	 761	 745
 730	 714	 762	 746
 731	 715	 763	 747
 732	 716	 764	 748
 733	 717	 765	 749
 734	 718	 766	 750
 735	 719	 767	 751
 768	 784	 800	 816
 769	 785	 801	 817
 770	 786	 802	 818
 771	 787	 803	 819
 772	 788	 804	 820
 773	 789	 805	 821
 774	 790	 806	 822
 775	 791	 807	 823
 776	 792	 808	 824
 777	 793	 809	 825
 778	 794	 810	 826
 779	 795	 811	 827
 780	 796	 812	 828
 781	 797	 813	 829
 782	 798	 814	 830
 783	 799	 815	 831
 848	 832	 880	 864
 849	 833	 881	 865
 850	 834	 882	 866
 851	 835	 883	 867
 852	 836	 884	 868
 853	 837	 885	 869
 854	 838	 886	 870
 855	 839	 887	 871
 856	 840	 888	 872
 857	 841	 889	 873
 858	 842	 890	 874
 859	 843	 891	 875
 860	 844	 892	 876
 861	 845	 893	 877
 862	 846	 894	 878
 863	 847	 895	 879
 896	 912	 928	 944
 897	 913	 929	 945
 898	 914	 930	 946
 899	 915	 931	 947
 900	 916	 932	 948
 901	 917	 933	 949
 902	 918	 934	 950
 903	 919	 935	 951
 904	 920	 936	 952
 905	 921	 937	 953
 906	 922	 938	 954
 907	 923	 939	 955
 908	 924	 940	 956
 909	 925	 941	 957
 910	 926	 942	 958
 911	 927	 943	 959
 976	 960	1008	 992
 977	 961	1009	 993
 978	 962	1010	 994
 979	 963	1011	 995
 980	 964	1012	 996
 981	 965	1013	 997
 982	 966	1014	 998
 983	 967	1015	 999
 984	 968	1016	1000
 985	 969	1017	1001
 986	 970	1018	1002
 987	 971	1019	1003
 988	 972	1020	1004
 989	 973	1021	1005
 990	 974	1022	1006
 991	 975	1023	1007
