   0	   1	   2	   3
   5	   4	   7	   6
   8	   9	  10	  11
  13	  12	  15	  14
  16	  17	  18	  19
  21	  20	  23	  22
  24	  25	  26	  27
  29	  28	  31	  30
  32	  33	  34	  35
  37	  36	  39	  38
  40	  41	  42	  43
  45	  44	  47	  46
  48	  49	  50	  51
  53	  52	  55	  54
  56	  57	  58	  59
  61	  60	  63	  62
  64	  65	  66	  67
  69	  68	  71	  70
  72	  73	  74	  75
  77	  76	  79	  78
  80	  81	  82	  83
  85	  84	  87	  86
  88	  89	  90	  91
  93	  92	  95	  94
  96	  97	  98	  99
 101	 100	 103	 102
 104	 105	 106	 107
 109	 108	 111	 110
 112	 113	 114	 115
 117	 116	 119	 118
 120	 121	 122	 123
 125	 124	 127	 126
 128	 129	 130	 131
 133	 132	 135	 134
 136	 137	 138	 139
 141	 140	 143	 142
 144	 145	 146	 147
 149	 148	 151	 150
 152	 153	 154	 155
 157	 156	 159	 158
 160	 161	 162	 163
 165	 164	 167	 166
 168	 169	 170	 171
 173	 172	 175	 174
 176	 177	 178	 179
 181	 180	 183	 182
 184	 185	 186	 187
 189	 188	 191	 190
 192	 193	 194	 195
 197	 196	 199	 198
 200	 201	 202	 203
 205	 204	 207	 206
 208	 209	 210	 211
 213	 212	 215	 214
 216	 217	 218	 219
 221	 220	 223	 222
 224	 225	 226	 227
 229	 228	 231	 230
 232	 233	 234	 235
 237	 236	 239	 238
 240	 241	 242	 243
 245	 244	 247	 246
 248	 249	 250	 251
 253	 252	 255	 254
 256	 257	 258	 259
 261	 260	 263	 262
 264	 265	 266	 267
 269	 268	 271	 270
 272	 273	 274	 275
 277	 276	 279	 278
 280	 281	 282	 283
 285	 284	 287	 286
 288	 289	 290	 291
 293	 292	 295	 294
 296	 297	 298	 299
 301	 300	 303	 302
 304	 305	 306	 307
 309	 308	 311	 310
 312	 313	 314	 315
 317	 316	 319	 318
 320	 321	 322	 323
 325	 324	 327	 326
 328	 329	 330	 331
 333	 332	 335	 334
 336	 337	 338	 339
 341	 340	 343	 342
 344	 345	 346	 347
 349	 348	 351	 350
 352	 353	 354	 355
 357	 356	 359	 358
 360	 361	 362	 363
 365	 364	 367	 366
 368	 369	 370	 371
 373	 372	 375	 374
 376	 377	 378	 379
 381	 380	 383	 382
 384	 385	 386	 387
 389	 388	 391	 390
 392	 393	 394	 395
 397	 396	 399	 398
 400	 401	 402	 403
 405	 404	 407	 406
 408	 409	 410	 411
 413	 412	 415	 414
 416	 417	 418	 419
 421	 420	 423	 422
 424	 425	 426	 427
 429	 428	 431	 430
 432	 433	 434	 435
 437	 436	 439	 438
 440	 441	 442	 443
 445	 444	 447	 446
 448	 449	 450	 451
 453	 452	 455	 454
 456	 457	 458	 459
 461	 460	 463	 462
 464	 465	 466	 467
 469	 468	 471	 470
 472	 473	 474	 475
 477	 476	 479	 478
 480	 481	 482	 483
 485	 484	 487	 486
 488	 489	 490	 491
 493	 492	 495	 494
 496	 497	 498	 499
 501	 500	 503	 502
 504	 505	 506	 507
 509	 508	 511	 510
 512	 513	 514	 515
 517	 516	 519	 518
 520	 521	 522	 523
 525	 524	 527	 526
 528	 529	 530	 531
 533	 532	 535	 534
 536	 537	 538	 539
 541	 540	 543	 542
 544	 545	 546	 547
 549	 548	 551	 550
 552	 553	 554	 555
 557	 556	 559	 558
 560	 561	 562	 563
 565	 564	 567	 566
 568	 569	 570	 571
 573	 572	 575	 574
 576	 577	 578	 579
 581	 580	 583	 582
 584	 585	 586	 587
 589	 588	 591	 590
 592	 593	 594	 595
 597	 596	 599	 598
 600	 601	 602	 603
 605	 604	 607	 606
 608	 609	 610	 611
 613	 612	 615	 614
 616	 617	 618	 619
 621	 620	 623	 622
 624	 625	 626	 627
 629	 628	 631	 630
 632	 633	 634	 635
 637	 636	 639	 638
 640	 641	 642	 643
 645	 644	 647	 646
 648	 649	 650	 651
 653	 652	 655	 654
 656	 657	 658	 659
 661	 660	 663	 662
 664	 665	 666	 667
 669	 668	 671	 670
 672	 673	 674	 675
 677	 676	 679	 678
 680	 681	 682	 683
 685	 684	 687	 686
 688	 689	 690	 691
 693	 692	 695	 694
 696	 697	 698	 699
 701	 700	 703	 702
 704	 705	 706	 707
 709	 708	 711	 710
 712	 713	 714	 715
 717	 716	 719	 718
 720	 721	 722	 723
 725	 724	 727	 726
 728	 729	 730	 731
 733	 732	 735	 734
 736	 737	 738	 739
 741	 740	 743	 742
 744	 745	 746	 747
 749	 748	 751	 750
 752	 753	 754	 755
 757	 756	 759	 758
 760	 761	 762	 763
 765	 764	 767	 766
 768	 769	 770	 771
 773	 772	 775	 774
 776	 777	 778	 779
 781	 780	 783	 782
 784	 785	 786	 787
 789	 788	 791	 790
 792	 793	 794	 795
 797	 796	 799	 798
 800	 801	 802	 803
 805	 804	 807	 806
 808	 809	 810	 811
 813	 812	 815	 814
 816	 817	 818	 819
 821	 820	 823	 822
 824	 825	 826	 827
 829	 828	 831	 830
 832	 833	 834	 835
 837	 836	 839	 838
 840	 841	 842	 843
 845	 844	 847	 846
 848	 849	 850	 851
 853	 852	 855	 854
 856	 857	 858	 859
 861	 860	 863	 862
 864	 865	 866	 867
 869	 868	 871	 870
 872	 873	 874	 875
 877	 876	 879	 878
 880	 881	 882	 883
 885	 884	 887	 886
 888	 889	 890	 891
 893	 892	 895	 894
 896	 897	 898	 899
 901	 900	 903	 902
 904	 905	 906	 907
 909	 908	 911	 910
 912	 913	 914	 915
 917	 916	 919	 918
 920	 921	 922	 923
 925	 924	 927	 926
 928	 929	 930	 931
 933	 932	 935	 934
 936	 937	 938	 939
 941	 940	 943	 942
 944	 945	 946	 947
 949	 948	 951	 950
 952	 953	 954	 955
 957	 956	 959	 958
 960	 961	 962	 963
 965	 964	 967	 966
 968	 969	 970	 971
 973	 972	 975	 974
 976	 977	 978	 979
 981	 980	 983	 982
 984	 985	 986	 987
 989	 988	 991	 990
 992	 993	 994	 995
 997	 996	 999	 998
1000	1001	1002	1003
1005	1004	1007	1006
1008	1009	1010	1011
1013	1012	1015	1014
1016	1017	1018	1019
1021	1020	1023	1022
