   0	   4	   8	  12
   1	   5	   9	  13
   2	   6	  10	  14
   3	   7	  11	  15
  20	  16	  28	  24
  21	  17	  29	  25
  22	  18	  30	  26
  23	  19	  31	  27
  32	  36	  40	  44
  33	  37	  41	  45
  34	  38	  42	  46
  35	  39	  43	  47
  52	  48	  60	  56
  53	  49	  61	  57
  54	  50	  62	  58
  55	  51	  63	  59
  64	  68	  72	  76
  65	  69	  73	  77
  66	  70	  74	  78
  67	  71	  75	  79
  84	  80	  92	  88
  85	  81	  93	  89
  86	  82	  94	  90
  87	  83	  95	  91
  96	 100	 104	 108
  97	 101	 105	 109
  98	 102	 106	 110
  99	 103	 107	 111
 116	 112	 124	 120
 117	 113	 125	 121
 118	 114	 126	 122
 119	 115	 127	 123
 128	 132	 136	 140
 129	 133	 137	 141
 130	 134	 138	 142
 131	 135	 139	 143
 148	 144	 156	 152
 149	 145	 157	 153
 150	 146	 158	 154
 151	 147	 159	 155
 160	 164	 168	 172
 161	 165	 169	 173
 162	 166	 170	 174
 163	 167	 171	 175
 180	 176	 188	 184
 181	 177	 189	 185
 182	 178	 190	 186
 183	 179	 191	 187
 192	 196	 200	 204
 193	 197	 201	 205
 194	 198	 202	 206
 195	 199	 203	 207
 212	 208	 220	 216
 213	 209	 221	 217
 214	 210	 222	 218
 215	 211	 223	 219
 224	 228	 232	 236
 225	 229	 233	 237
 226	 230	 234	 238
 227	 231	 235	 239
 244	 240	 252	 248
 245	 241	 253	 249
 246	 242	 254	 250
 247	 243	 255	 251
 256	 260	 264	 268
 257	 261	 265	 269
 258	 262	 266	 270
 259	 263	 267	 271
 276	 272	 284	 280
 277	 273	 285	 281
 278	 274	 286	 282
 279	 275	 287	 283
 288	 292	 296	 300
 289	 293	 297	 301
 290	 294	 298	 302
 291	 295	 299	 303
 308	 304	 316	 312
 309	 305	 317	 313
 310	 306	 318	 314
 311	 307	 319	 315
 320	 324	 328	 332
 321	 325	 329	 333
 322	 326	 330	 334
 323	 327	 331	 335
 340	 336	 348	 344
 341	 337	 349	 345
 342	 338	 350	 346
 343	 339	 351	 347
 352	 356	 360	 364
 353	 357	 361	 365
 354	 358	 362	 366
 355	 359	 363	 367
 372	 368	 380	 376
 373	 369	 381	 377
 374	 370	 382	 378
 375	 371	 383	 379
 384	 388	 392	 396
 385	 389	 393	 397
 386	 390	 394	 398
 387	 391	 395	 399
 404	 400	 412	 408
 405	 401	 413	 409
 406	 402	 414	 410
 407	 403	 415	 411
 416	 420	 424	 428
 417	 421	 425	 429
 418	 422	 426	 430
 419	 423	 427	 431
 436	 432	 444	 440
 437	 433	 445	 441
 438	 434	 446	 442
 439	 435	 447	 443
 448	 452	 456	 460
 449	 453	 457	 461
 450	 454	 458	 462
 451	 455	 459	 463
 468	 464	 476	 472
 469	 465	 477	 473
 470	 466	 478	 474
 471	 467	 479	 475
 480	 484	 488	 492
 481	 485	 489	 493
 482	 486	 490	 494
 483	 487	 491	 495
 500	 496	 508	 504
 501	 497	 509	 505
 502	 498	 510	 506
 503	 499	 511	 507
 512	 516	 520	 524
 513	 517	 521	 525
 514	 518	 522	 526
 515	 519	 523	 527
 532	 528	 540	 536
 533	 529	 541	 537
 534	 530	 542	 538
 535	 531	 543	 539
 544	 548	 552	 556
 545	 549	 553	 557
 546	 550	 554	 558
 547	 551	 555	 559
 564	 560	 572	 568
 565	 561	 573	 569
 566	 562	 574	 570
 567	 563	 575	 571
 576	 580	 584	 588
 577	 581	 585	 589
 578	 582	 586	 590
 579	 583	 587	 591
 596	 592	 604	 600
 597	 593	 605	 601
 598	 594	 606	 602
 599	 595	 607	 603
 608	 612	 616	 620
 609	 613	 617	 621
 610	 614	 618	 622
 611	 615	 619	 623
 628	 624	 636	 632
 629	 625	 637	 633
 630	 626	 638	 634
 631	 627	 639	 635
 640	 644	 648	 652
 641	 645	 649	 653
 642	 646	 650	 654
 643	 647	 651	 655
 660	 656	 668	 664
 661	 657	 669	 665
 662	 658	 670	 666
 663	 659	 671	 667
 672	 676	 680	 684
 673	 677	 681	 685
 674	 678	 682	 686
 675	 679	 683	 687
 692	 688	 700	 696
 693	 689	 701	 697
 694	 690	 702	 698
 695	 691	 703	 699
 704	 708	 712	 716
 705	 709	 713	 717
 706	 710	 714	 718
 707	 711	 715	 719
 724	 720	 732	 728
 725	 721	 733	 729
 726	 722	 734	 730
 727	 723	 735	 731
 736	 740	 744	 748
 737	 741	 745	 749
 738	 742	 746	 750
 739	 743	 747	 751
 756	 752	 764	 760
 757	 753	 765	 761
 758	 754	 766	 762
 759	 755	 767	 763
 768	 772	 776	 780
 769	 773	 777	 781
 770	 774	 778	 782
 771	 775	 779	 783
 788	 784	 796	 792
 789	 785	 797	 793
 790	 786	 798	 794
 791	 787	 799	 795
 800	 804	 808	 812
 801	 805	 809	 813
 802	 806	 810	 814
 803	 807	 811	 815
 820	 816	 828	 824
 821	 817	 829	 825
 822	 818	 830	 826
 823	 819	 831	 827
 832	 836	 840	 844
 833	 837	 841	 845
 834	 838	 842	 846
 835	 839	 843	 847
 852	 848	 860	 856
 853	 849	 861	 857
 854	 850	 862	 858
 855	 851	 863	 859
 864	 868	 872	 876
 865	 869	 873	 877
 866	 870	 874	 878
 867	 871	 875	 879
 884	 880	 892	 888
 885	 881	 893	 889
 886	 882	 894	 890
 887	 883	 895	 891
 896	 900	 904	 908
 897	 901	 905	 909
 898	 902	 906	 910
 899	 903	 907	 911
 916	 912	 924	 920
 917	 913	 925	 921
 918	 914	 926	 922
 919	 915	 927	 923
 928	 932	 936	 940
 929	 933	 937	 941
 930	 934	 938	 942
 931	 935	 939	 943
 948	 944	 956	 952
 949	 945	 957	 953
 950	 946	 958	 954
 951	 947	 959	 955
 960	 964	 968	 972
 961	 965	 969	 973
 962	 966	 970	 974
 963	 967	 971	 975
 980	 976	 988	 984
 981	 977	 989	 985
 982	 978	 990	 986
 983	 979	 991	 987
 992	 996	1000	1004
 993	 997	1001	1005
 994	 998	1002	1006
 995	 999	1003	1007
1012	1008	1020	1016
1013	1009	1021	1017
1014	1010	1022	1018
1015	1011	1023	1019
