1024
1024
1023
1021
1019
1016
1013
1009
1004
999
993
987
980
972
964
955
946
936
926
915
903
891
878
865
851
837
822
807
792
775
759
742
724
706
688
669
650
630
610
590
569
548
526
505
483
460
438
415
392
369
345
321
297
273
249
224
200
175
150
125
100
75
50
25
0
-25
-50
-75
-100
-125
-150
-175
-200
-224
-249
-273
-297
-321
-345
-369
-392
-415
-438
-460
-483
-505
-526
-548
-569
-590
-610
-630
-650
-669
-688
-706
-724
-742
-759
-775
-792
-807
-822
-837
-851
-865
-878
-891
-903
-915
-926
-936
-946
-955
-964
-972
-980
-987
-993
-999
-1004
-1009
-1013
-1016
-1019
-1021
-1023
-1024
-1024
-1024
-1023
-1021
-1019
-1016
-1013
-1009
-1004
-999
-993
-987
-980
-972
-964
-955
-946
-936
-926
-915
-903
-891
-878
-865
-851
-837
-822
-807
-792
-775
-759
-742
-724
-706
-688
-669
-650
-630
-610
-590
-569
-548
-526
-505
-483
-460
-438
-415
-392
-369
-345
-321
-297
-273
-249
-224
-200
-175
-150
-125
-100
-75
-50
-25
0
25
50
75
100
125
150
175
200
224
249
273
297
321
345
369
392
415
438
460
483
505
526
548
569
590
610
630
650
669
688
706
724
742
759
775
792
807
822
837
851
865
878
891
903
915
926
936
946
955
964
972
980
987
993
999
1004
1009
1013
1016
1019
1021
1023
1024